261515 6
261515 9
261515 21
261515 22
261515 25
261515 28
261515 29
261515 30
261515 70
261515 90
261515 91
261515 100
261515 105
261515 120
261515 134
261515 139
261515 141
261515 142
261515 144
261515 145
261515 146
261515 148
261515 149
261516 -310
261517 1
261517 2
261517 3
261517 4
261517 5
261517 6
261517 7
261517 8
261517 9
261517 10
261517 11
261517 12
261517 13
261517 15
261517 16
261517 17
261517 18
261517 19
261517 20
261517 21
261517 23
261517 24
261517 25
261517 26
261517 27
261517 28
261517 29
261517 30
261517 31
261517 32
261517 33
261517 34
261517 35
261517 36
261517 37
261517 38
261517 39
261517 40
261517 41
261517 42
261517 43
261517 44
261517 45
261517 46
261517 47
261517 48
261517 51
261517 52
261517 53
261517 54
261517 55
261517 57
261517 58
261517 59
261517 61
261517 62
261517 63
261517 65
261517 66
261517 67
261517 69
261517 70
261517 71
261517 72
261517 73
261517 74
261517 75
261517 76
261517 77
261517 78
261517 79
261517 80
261517 81
261517 82
261517 84
261517 85
261517 86
261517 87
261517 89
261517 90
261517 91
261517 92
261517 93
261517 94
261517 95
261517 96
261517 100
261517 101
261517 102
261517 103
261517 104
261517 105
261517 106
261517 108
261517 109
261517 110
261517 112
261517 115
261517 116
261517 117
261517 119
261517 120
261517 121
261517 122
261517 123
261517 124
261517 126
261517 127
261517 128
261517 130
261517 132
261517 134
261517 135
261517 136
261517 137
261517 138
261517 144
261517 159
261517 164
261517 172
261517 173
261517 177
261517 179
261517 181
261517 183
261517 185
261517 186
261517 189
261517 190
261517 193
261517 194
261517 195
261517 200
261518 9
261518 42
261520 1
261520 58
261521 1
261526 1
261526 62
261526 63
261526 64
261526 65
261526 66
261530 1
261530 26
261531 1
261531 6
261531 7
261531 8
261531 9
261531 13
261531 14
261531 15
261531 16
261531 17
261531 18
261531 23
261531 24
261531 25
261531 26
261531 27
261531 28
261531 29
261531 30
261531 31
261531 32
261531 33
261531 34
261531 35
261531 39
261531 40
261531 41
261531 42
261531 43
261531 44
261531 61
261531 69
261531 93
261531 128
261532 53
261533 12
261533 93
261533 94
261533 95
261533 109
261533 113
261533 122
261534 1
261534 5
261534 8
261534 9
261534 10
261534 12
261534 13
261536 15
261537 58
261538 45
261538 90
261538 91
261538 101
261538 117
261538 118
261538 119
261538 120
261538 121
261538 122
261538 123
261538 127
261538 161
261540 1
261540 22
261541 9
261541 43
261541 153
261541 154
261541 169
261541 182
261542 18
261542 87
261542 143
261554 1
261554 2
261554 3
261554 5
261554 7
261554 9
261554 13
261554 19
261554 23
261554 24
261554 27
261554 28
261554 29
261554 30
261554 33
261554 34
261554 35
261554 37
261554 38
261554 39
261554 43
261554 45
261554 47
261554 48
261554 49
261554 52
261554 53
261554 54
261554 58
261554 62
261554 64
261554 70
261554 71
261554 72
261554 73
261554 75
261554 77
261554 80
261554 81
261554 82
261554 87
261554 88
261554 91
261554 93
261554 94
261554 97
261554 98
261554 105
261554 106
261554 107
261554 108
261554 109
261554 110
261554 111
261554 114
261554 115
261554 117
261554 118
261554 119
261554 123
261554 124
261554 125
261554 126
261554 127
261554 128
261554 129
261554 131
261554 135
261555 1
261559 12
261561 1
261561 85
261561 87
261567 15
261567 19
261567 21
261567 22
261567 23
261569 1
261571 1
261571 42
261573 1
261575 1
261575 6
261575 8
261575 18
261575 50
261575 74
261575 141
261576 1
261576 10
261576 95
261576 102
261576 116
261576 189
261576 191
261577 1
261577 53
261578 1
261581 -310
261582 -310
261586 1
261587 1
261590 117
261590 118
261590 119
261590 120
261590 121
261590 122
261590 123
261590 124
261590 125
261590 126
261590 127
261590 128
261590 129
261590 130
261590 131
261590 132
261590 133
261590 134
261590 135
261590 136
261590 137
261590 138
261590 139
261590 140
261590 141
261590 142
261590 143
261590 144
261590 145
261590 146
261590 147
261590 148
261590 149
261590 150
261590 151
261590 152
261590 153
261590 154
261590 155
261590 156
261590 157
261590 158
261590 159
261590 160
261590 161
261590 162
261590 163
261590 164
261590 165
261590 166
261590 167
261590 168
261590 169
261590 170
261590 171
261590 172
261590 173
261591 -310
261592 -310
261593 -310
261594 -310
261597 26
261597 47
261597 57
261597 58
261597 61
261597 62
261598 46
261598 78
261599 1
261599 143
261599 145
261599 151
261599 153
261599 154
261599 155
261599 157
261599 159
261599 167
261599 169
261599 171
261599 173
261599 175
261599 177
261599 179
261599 182
261599 183
261599 185
261599 187
261599 189
261599 193
261599 197
261599 199
261600 -310
261601 1
261601 6
261601 10
261601 12
261601 22
261601 24
261601 30
261601 38
261601 68
261601 73
261601 198
261601 199
261602 93
261602 102
261602 107
261602 181
261603 127
261603 162
261603 164
261603 186
261603 191
261604 1
261604 10
261604 16
261604 19
261608 1
261608 17
261611 9
261611 41
261611 50
261611 73
261612 2
261612 3
261613 60
261613 68
261615 1
261615 12
261615 31
261617 1
261617 45
261618 1
261618 40
261618 54
261618 91
261618 96
261618 98
261618 99
261618 111
261618 112
261618 113
261618 114
261618 115
261618 116
261618 117
261618 118
261618 119
261618 120
261618 121
261618 122
261618 123
261618 124
261618 125
261618 126
261618 127
261618 128
261618 129
261618 130
261618 131
261618 132
261618 133
261618 134
261618 135
261618 136
261618 137
261618 138
261618 139
261618 140
261618 141
261618 142
261618 143
261618 144
261618 145
261619 -310
261620 1
261620 37
261620 169
261623 1
261624 61
261624 65
261624 164
261625 52
261626 1
261627 1
261627 142
261628 1
261628 50
261628 81
261628 123
261628 136
261628 196
261629 1
261632 -310
261633 -310
261636 -310
261638 -310
261643 22
261643 23
261643 24
261643 25
261643 28
261643 29
261643 30
261643 31
261643 32
261643 33
261643 46
261643 47
261643 48
261643 49
261643 50
261643 51
261643 52
261643 55
261643 56
261643 57
261643 58
261643 59
261643 60
261643 61
261643 62
261643 63
261643 64
261643 65
261643 66
261643 67
261643 69
261643 70
261643 71
261643 72
261643 73
261643 74
261643 75
261643 76
261643 98
261643 99
261643 101
261643 102
261643 137
261643 140
261643 141
261643 177
261644 14
261644 15
261644 18
261644 19
261645 1
261645 142
261645 156
261646 99
261647 -310
261648 91
261649 1
261649 45
261650 3
261650 10
261651 100
261651 109
261651 110
261651 111
261651 114
261651 115
261651 128
261651 143
261651 144
261651 145
261651 146
261651 147
261651 151
261651 154
261651 155
261651 156
261651 157
261651 168
261653 -310
261654 -310
261655 -310
261656 -310
261657 7
261658 23
261658 24
261658 25
261658 26
261658 28
261658 40
261659 67
261659 69
261660 1
261660 119
261660 151
261660 152
261660 153
261660 154
261660 155
261660 156
261660 158
261660 159
261660 165
261660 166
261660 169
261661 -310
261662 24
261662 25
261662 26
261662 40
261662 41
261662 42
261662 43
261662 44
261662 45
261662 84
261662 85
261662 86
261662 87
261662 91
261662 107
261662 117
261662 118
261662 119
261662 121
261662 123
261662 124
261662 125
261662 147
261662 148
261662 149
261662 150
261662 151
261662 152
261662 153
261662 154
261662 155
261662 156
261662 157
261662 158
261662 159
261662 160
261662 161
261662 162
261662 163
261662 164
261662 165
261662 166
261662 167
261662 168
261662 169
261663 1
261663 2
261663 3
261663 4
261663 5
261663 6
261663 7
261663 8
261663 9
261663 10
261663 11
261663 12
261663 13
261663 14
261663 15
261663 16
261663 17
261663 18
261663 19
261663 20
261663 21
261663 22
261663 23
261663 24
261663 33
261663 35
261663 36
261663 38
261663 39
261663 40
261663 47
261663 56
261663 58
261663 59
261663 64
261663 71
261663 72
261663 73
261663 74
261663 75
261663 76
261663 77
261663 78
261663 80
261663 81
261663 82
261663 83
261663 84
261669 -310
261670 -310
261672 1
261672 6
261672 7
261672 8
261672 9
261672 10
261672 11
261672 12
261672 21
261674 150
261675 -310
261676 1
261676 2
261676 3
261676 4
261676 5
261676 6
261676 7
261676 8
261676 9
261677 48
261677 49
261678 84
261678 97
261678 117
261679 50
261679 68
261679 110
261682 167
261683 78
261683 92
261683 93
261685 1
261685 22
261685 110
261685 169
261687 7
261687 77
261688 1
261688 30
261688 54
261688 55
261688 56
261688 57
261688 58
261688 59
261688 60
261688 61
261688 62
261688 63
261688 64
261688 65
261688 66
261688 67
261688 68
261688 69
261688 70
261688 71
261688 72
261688 73
261688 74
261688 75
261688 76
261688 77
261688 78
261688 79
261688 80
261688 81
261688 82
261688 83
261688 84
261688 85
261688 86
261688 87
261688 88
261688 89
261688 90
261689 -310
261690 -310
261691 186
261694 -310
261696 1
261696 43
261696 44
261696 81
261696 82
261696 86
261696 87
261696 91
261696 92
261696 93
261696 94
261696 95
261696 96
261696 97
261696 98
261696 99
261696 100
261696 101
261696 102
261696 103
261696 104
261696 105
261696 106
261696 107
261696 108
261696 109
261696 110
261696 111
261696 112
261696 113
261696 114
261696 115
261696 116
261696 117
261696 119
261697 14
261697 19
261697 24
261697 26
261697 27
261697 28
261697 42
261697 50
261697 52
261697 54
261697 60
261697 104
261697 195
261698 19
261699 1
261699 35
261699 132
261701 1
261701 137
261701 147
261702 70
261703 -310
261705 1
261707 -310
261709 -310
261710 1
261710 3
261710 130
261710 159
261711 49
261711 64
261712 1
261713 -310
261714 1
261716 163
261716 170
261717 1
261717 49
261717 161
261722 1
261723 83
261723 85
261723 88
261723 90
261723 92
261733 64
261733 118
261733 119
261733 120
261733 121
261733 122
261733 123
261733 124
261733 125
261733 126
261733 127
261733 128
261733 129
261733 130
261733 131
261733 132
261733 133
261733 134
261733 135
261733 136
261733 138
261733 139
261733 140
261733 141
261734 12
261734 17
261734 18
261739 1
261739 2
261739 3
261739 7
261739 21
261739 23
261739 59
261739 61
261739 65
261740 -310
261741 1
261741 27
261741 63
261741 101
261741 105
261741 119
261741 133
261741 139
261741 149
261741 151
261741 159
261741 191
261742 -310
261743 -310
261744 4
261744 8
261744 14
261744 24
261745 7
261745 13
261745 27
261745 39
261745 41
261745 53
261745 55
261745 57
261745 71
261745 72
261745 75
261745 77
261745 82
261745 85
261745 89
261745 93
261745 95
261745 97
261745 104
261745 106
261748 1
261748 2
261748 3
261748 4
261748 5
261748 6
261748 7
261748 8
261748 9
261748 10
261748 11
261748 12
261748 13
261748 14
261748 15
261748 16
261748 17
261748 18
261748 21
261748 31
261748 33
261748 35
261748 41
261748 49
261748 51
261748 55
261748 57
261748 59
261748 60
261748 61
261748 65
261748 71
261748 73
261748 75
261748 77
261749 1
261749 2
261749 4
261749 6
261749 8
261749 10
261749 11
261752 1
261754 1
261755 111
261755 126
261757 96
261758 38
261759 45
261760 30
261970 9
261970 10
261970 23
261970 24
261970 28
261970 29
261970 30
261970 34
261970 35
261970 37
261970 39
261970 78
261970 79
261970 80
261970 81
261970 83
261970 108
261970 110
261970 114
261970 115
261970 121
261970 123
261970 124
261970 126
261970 166
261970 168
261970 196
261971 1
261971 7
261971 14
261971 16
261972 1
261972 21
261972 23
261972 26
261972 28
261972 29
261973 1
261973 20
261973 57
261973 70
261973 76
261973 79
261973 81
261973 87
261973 106
261973 122
261973 158
261973 170
261973 179
261973 192
261973 199
261974 1
261974 9
261974 12
261974 14
261974 16
261974 20
261974 52
261974 57
261974 67
261974 79
261974 97
261974 99
261974 103
261974 140
261974 146
261974 155
261974 162
261975 8
261975 39
261975 40
261975 48
261975 57
261975 88
261975 90
261975 117
261975 118
261975 153
261975 159
261975 162
261975 163
261975 164
261975 165
261975 166
261975 167
261975 168
261975 170
261975 171
261975 172
261975 173
261975 174
261975 176
261975 177
261975 178
261975 180
261975 181
261975 182
261975 183
261975 184
261978 7
261979 4
261980 48
261982 1
261982 26
261982 95
261982 146
261984 169
261985 46
261985 111
261985 151
261986 -310
261989 1
261989 72
261990 77
261994 29
261994 186
261995 -310
261998 -310
261999 1
261999 7
262001 1
262002 -310
262004 -310
262006 -310
262009 -310
262012 -310
262013 -310
262016 -310
262017 -310
262018 -310
262019 -310
262021 -310
262022 1
262022 2
262022 3
262022 4
262022 5
262022 6
262022 7
262022 8
262022 9
262022 10
262022 11
262022 12
262022 13
262022 14
262022 15
262022 16
262022 17
262022 27
262058 135
262058 192
262059 1
262059 24
262059 197
262060 6
262061 1
262061 164
262063 18
262064 174
262065 -310
262067 172
262068 126
262068 138
262073 50
262073 51
262073 52
262073 53
262073 54
262073 55
262073 56
262073 57
262073 58
262073 59
262073 60
262073 61
262073 62
262073 63
262073 64
262073 65
262073 66
262073 67
262073 68
262073 69
262073 70
262073 71
262073 72
262073 74
262073 75
262073 76
262073 77
262073 78
262074 -310
262076 149
262076 150
262077 83
262077 85
262077 88
262078 1
262078 56
262078 106
262078 114
262078 115
262079 -310
262080 1
262085 33
262088 1
262088 47
262088 79
262090 15
262090 24
262090 28
262090 30
262092 1
262092 61
262093 88
262095 4
262095 28
262095 29
262096 2
262096 5
262097 1
262098 1
262098 18
262099 1
262099 52
262099 144
262099 183
262101 8
262104 1
262106 72
262107 24
262110 1
262110 150
262110 151
262110 152
262110 153
262110 154
262110 155
262110 156
262110 157
262110 158
262110 159
262110 160
262110 161
262110 163
262111 -310
262112 -310
262113 -310
262114 -310
262115 -310
262116 -310
262117 -310
262118 -310
262119 -310
262126 -310
262127 -310
262128 -310
262129 -310
262130 -310
262131 -310
262132 -310
262133 1
262134 1
262134 52
262134 92
262134 97
262134 98
262134 159
262135 43
262135 75
262135 94
262135 127
262136 1
262136 2
262136 40
262137 175
262138 -310
262140 24
262140 25
262140 26
262142 2
262142 160
262143 158
262145 1
262149 1
262149 7
262149 8
262150 16
262167 26
262167 32
262167 111
262167 187
262167 189
262168 1
262168 46
262168 57
262168 65
262168 68
262168 71
262168 73
262168 76
262168 78
262168 81
262168 83
262168 86
262168 87
262168 88
262168 89
262168 91
262168 92
262168 93
262168 94
262168 96
262168 97
262168 102
262168 123
262168 124
262168 125
262168 126
262168 127
262168 129
262168 130
262168 131
262168 132
262168 133
262168 134
262168 135
262169 94
262169 99
262170 1
262171 -310
262172 58
262174 1
262174 22
262174 23
262176 36
262176 37
262176 38
262176 39
262176 40
262176 41
262176 42
262176 43
262176 44
262176 45
262176 46
262176 47
262176 48
262176 49
262176 50
262176 51
262176 52
262176 53
262176 54
262176 55
262176 56
262176 57
262176 58
262176 59
262176 60
262176 61
262176 62
262176 63
262176 64
262176 65
262176 66
262176 67
262176 68
262176 69
262176 70
262176 71
262176 72
262176 73
262176 74
262176 75
262176 76
262176 77
262176 78
262176 79
262176 80
262176 81
262176 82
262176 83
262176 84
262176 85
262176 86
262176 87
262176 88
262176 89
262176 90
262176 91
262176 92
262176 93
262176 94
262176 95
262176 96
262176 97
262176 98
262176 99
262176 100
262176 101
262181 3
262181 4
262181 5
262182 4
262182 5
262182 9
262182 10
262182 11
262183 22
262184 -310
262185 -310
262186 11
262186 12
262186 14
262186 15
262186 18
262187 -310
262188 -310
262190 1
262190 7
262190 11
262190 69
262191 1
262191 7
262192 159
262192 161
262192 167
262193 29
262193 117
262194 63
262194 115
262195 1
262197 25
262197 139
262197 140
262197 141
262197 142
262197 143
262197 144
262197 146
262198 47
262201 -310
262202 105
262202 153
262203 5
262203 9
262203 21
262203 141
262203 165
262203 166
262203 167
262203 168
262203 169
262203 170
262203 171
262203 172
262203 173
262203 174
262203 175
262203 176
262203 177
262203 178
262203 179
262203 180
262203 181
262203 182
262203 183
262203 184
262203 185
262203 186
262203 187
262203 188
262203 189
262203 190
262203 191
262203 192
262203 193
262203 194
262203 195
262203 196
262203 197
262203 198
262203 199
262203 200
262204 -310
262205 69
262206 20
262206 21
262208 -310
262211 -310
262212 -310
262215 1
262215 8
262217 1
262217 100
262217 170
262218 1
262220 1
262220 140
261557 -310
261579 -310
261580 -310
261583 -310
261671 -310
261686 -310
261692 -310
261693 -310
261695 -310
261700 -310
261751 -310
261761 -310
261996 -310
262000 -310
262003 -310
262005 -310
262007 -310
262008 -310
262010 -310
262011 -310
262015 -310
262020 -310
262023 -310
262024 -310
262070 -310
262075 -310
262083 -310
262084 -310
262100 -310
262105 -310
262109 -310
262147 -310
262209 -310
