263143 1
263143 6
263143 11
263143 12
263143 15
263143 16
263143 17
263143 20
263143 21
263143 29
263143 31
263143 34
263143 35
263143 36
263143 37
263143 40
263143 41
263143 43
263143 45
263143 46
263143 47
263143 51
263143 53
263143 55
263143 62
263143 64
263143 65
263143 70
263143 73
263143 80
263143 81
263143 82
263143 85
263143 86
263143 95
263143 102
263143 115
263143 120
263143 121
263143 125
263143 129
263143 133
263143 137
263143 138
263143 140
263143 146
263143 147
263143 158
263143 161
263143 163
263144 2
263144 6
263144 16
263144 20
263144 26
263144 27
263144 28
263144 29
263144 30
263144 31
263144 32
263144 33
263144 34
263144 35
263144 36
263144 37
263144 38
263144 44
263144 45
263144 46
263144 47
263144 48
263144 55
263144 56
263144 57
263144 58
263144 59
263144 60
263144 61
263144 62
263144 63
263144 64
263144 65
263144 66
263144 67
263144 68
263144 69
263144 70
263144 71
263145 -310
263146 -310
263147 -310
263148 -310
263149 -310
263150 -310
263151 -310
263152 -310
263153 -310
263154 -310
263163 -310
263164 -310
263165 -310
263166 -310
263167 -310
263168 -310
263169 -310
263170 -310
263171 59
263171 95
263171 107
263171 111
263171 116
263171 118
263172 1
263172 2
263172 4
263172 6
263172 7
263172 8
263172 10
263172 15
263172 18
263173 52
263173 71
263173 97
263173 108
263173 110
263173 111
263173 167
263175 45
263175 176
263175 184
263176 16
263176 20
263176 24
263176 35
263176 45
263176 48
263176 53
263176 54
263176 57
263176 65
263176 70
263176 86
263176 132
263176 134
263177 21
263177 26
263177 28
263177 32
263177 34
263177 42
263177 43
263177 44
263177 46
263177 50
263177 51
263177 56
263177 57
263177 66
263177 76
263177 92
263177 94
263177 95
263177 96
263177 98
263177 103
263177 104
263177 109
263177 110
263177 111
263177 114
263177 115
263177 120
263177 121
263177 124
263177 127
263177 128
263177 132
263177 137
263177 138
263177 139
263177 140
263177 151
263177 198
263178 3
263178 11
263178 33
263178 34
263178 58
263178 88
263178 89
263178 92
263178 106
263178 107
263178 110
263178 111
263178 120
263178 155
263178 171
263179 21
263179 53
263179 121
263179 157
263179 187
263180 116
263181 21
263181 149
263182 70
263184 1
263186 72
263186 172
263188 70
263188 78
263188 87
263189 60
263189 138
263190 9
263190 12
263190 19
263190 26
263190 29
263192 2
263192 8
263193 -310
263194 1
263194 27
263194 37
263194 44
263194 48
263194 50
263194 53
263194 56
263194 85
263194 153
263194 193
263195 31
263195 32
263197 6
263197 9
263197 10
263197 13
263197 16
263197 17
263197 19
263197 21
263197 23
263197 27
263197 29
263197 33
263197 34
263197 36
263197 37
263197 38
263197 47
263197 48
263197 49
263197 50
263197 56
263198 3
263198 5
263198 6
263198 7
263198 9
263198 11
263198 12
263198 13
263198 14
263198 15
263198 17
263198 18
263198 20
263198 24
263198 25
263198 28
263198 31
263198 35
263198 45
263198 47
263198 50
263198 55
263198 63
263198 70
263198 81
263198 85
263198 89
263198 98
263198 104
263199 4
263199 13
263199 16
263199 17
263199 18
263199 19
263199 20
263199 21
263199 25
263199 27
263199 28
263199 29
263199 30
263199 32
263199 34
263199 35
263199 37
263199 38
263199 39
263199 40
263199 44
263199 45
263199 48
263199 52
263199 55
263199 60
263199 68
263199 69
263199 71
263199 73
263199 78
263199 80
263199 83
263199 86
263199 92
263199 95
263199 96
263201 4
263201 7
263201 13
263201 14
263201 15
263201 22
263201 28
263201 32
263201 40
263201 43
263201 44
263201 46
263201 52
263201 64
263201 84
263201 90
263201 106
263201 108
263201 111
263201 115
263201 119
263201 120
263201 124
263201 125
263201 127
263201 130
263201 131
263201 133
263201 135
263201 136
263201 144
263201 149
263201 154
263201 157
263201 158
263201 166
263201 188
263201 198
263202 2
263202 18
263202 22
263202 28
263202 29
263202 32
263202 38
263202 41
263202 45
263202 51
263202 53
263202 66
263202 70
263202 73
263202 80
263202 85
263202 86
263202 95
263202 97
263202 103
263202 104
263202 111
263202 112
263202 115
263202 125
263202 126
263202 127
263202 128
263202 132
263202 135
263202 142
263202 144
263202 153
263202 154
263202 158
263202 161
263202 181
263203 15
263203 19
263203 41
263203 50
263203 75
263204 6
263204 18
263204 30
263204 33
263204 44
263204 69
263204 83
263204 121
263204 134
263204 166
263204 167
263204 168
263204 169
263204 170
263204 171
263204 172
263204 175
263204 176
263204 177
263204 178
263204 181
263204 182
263204 184
263204 186
263204 187
263204 188
263204 190
263204 191
263204 193
263204 194
263204 195
263204 198
263204 200
263205 -310
263207 6
263207 7
263207 8
263207 19
263207 25
263207 26
263207 29
263207 36
263207 37
263207 40
263207 68
263207 133
263208 7
263208 9
263208 44
263208 86
263208 103
263208 138
263208 139
263208 140
263208 141
263209 90
263209 108
263209 109
263209 110
263209 111
263209 112
263209 113
263209 114
263209 115
263209 116
263209 117
263209 118
263209 119
263209 120
263209 121
263209 122
263209 123
263209 124
263209 125
263210 1
263210 16
263210 24
263210 25
263210 79
263210 91
263210 105
263211 1
263211 107
263211 160
263211 161
263212 11
263212 18
263213 101
263213 155
263213 156
263213 158
263214 15
263215 17
263215 23
263215 47
263215 161
263216 1
263216 86
263216 143
263217 1
263217 27
263217 57
263217 65
263217 89
263217 90
263217 95
263217 105
263217 110
263217 124
263217 126
263217 135
263217 144
263217 148
263217 155
263217 169
263217 170
263217 172
263217 174
263217 175
263217 177
263217 183
263217 184
263217 187
263217 189
263217 190
263217 194
263217 198
263218 113
263218 171
263219 99
263219 103
263219 118
263219 135
263220 7
263220 8
263220 13
263220 19
263220 72
263220 115
263220 161
263221 1
263221 2
263221 16
263221 18
263222 1
263222 66
263222 86
263222 97
263223 1
263223 7
263223 15
263223 36
263223 45
263223 60
263223 73
263223 86
263223 88
263224 1
263224 12
263224 13
263224 26
263225 78
263225 133
263225 149
263225 152
263225 156
263225 158
263225 162
263225 175
263225 182
263225 183
263226 -310
263227 1
263227 7
263227 10
263227 16
263227 30
263227 37
263227 40
263227 48
263227 67
263227 73
263227 82
263227 91
263227 93
263227 96
263227 103
263227 106
263227 123
263227 124
263227 125
263227 126
263227 127
263227 128
263227 129
263227 130
263227 131
263227 132
263227 133
263227 134
263227 135
263227 136
263227 137
263227 138
263227 139
263227 140
263227 141
263227 143
263227 144
263227 145
263227 146
263227 147
263227 148
263227 149
263227 150
263227 151
263227 152
263227 153
263227 154
263227 155
263227 156
263227 157
263227 158
263227 159
263227 160
263227 161
263227 162
263227 163
263227 164
263227 165
263227 166
263227 167
263227 168
263227 169
263227 170
263227 171
263227 172
263228 -310
263229 40
263229 44
263229 143
263229 147
263229 160
263229 169
263229 170
263229 172
263229 176
263229 180
263230 1
263230 27
263230 31
263230 57
263230 59
263230 66
263230 70
263230 77
263230 94
263230 120
263230 140
263230 170
263230 186
263231 -310
263236 57
263237 1
263237 3
263237 24
263237 33
263237 40
263237 43
263237 44
263237 45
263237 52
263237 87
263237 88
263237 89
263237 90
263237 91
263237 92
263237 93
263237 94
263237 95
263237 96
263237 97
263237 98
263237 99
263237 100
263237 101
263237 102
263237 103
263237 104
263237 105
263237 106
263237 107
263237 108
263237 109
263237 110
263237 111
263237 112
263237 113
263237 114
263237 115
263237 116
263237 117
263237 118
263237 119
263237 120
263237 121
263237 122
263237 123
263237 124
263237 125
263237 126
263237 127
263237 128
263237 129
263237 130
263237 131
263237 132
263237 133
263237 134
263237 135
263237 136
263237 137
263237 138
263237 139
263237 140
263237 141
263237 142
263237 143
263237 144
263237 145
263237 146
263237 147
263237 148
263237 149
263237 150
263237 151
263237 152
263237 153
263237 154
263237 155
263237 156
263237 157
263237 158
263237 159
263237 160
263237 161
263237 162
263237 163
263237 164
263237 165
263237 166
263237 167
263237 168
263237 169
263237 170
263237 171
263237 172
263237 173
263237 174
263237 175
263237 176
263237 177
263237 178
263237 179
263238 6
263238 48
263238 54
263238 58
263240 1
263240 42
263240 54
263240 100
263243 3
263243 10
263246 1
263247 82
263247 108
263247 161
263249 1
263249 72
263250 10
263250 64
263250 120
263250 153
263251 1
263251 41
263252 1
263252 100
263252 110
263252 144
263252 160
263252 165
263253 1
263253 5
263253 62
263253 124
263253 125
263253 126
263253 129
263253 130
263253 144
263253 167
263253 178
263255 47
263255 48
263255 49
263255 50
263255 51
263255 52
263255 53
263255 54
263255 55
263255 56
263255 57
263255 58
263255 59
263255 60
263255 61
263255 62
263255 63
263255 64
263255 65
263255 66
263255 67
263256 1
263256 168
263257 31
263257 32
263257 33
263257 34
263257 35
263257 36
263257 37
263257 38
263257 39
263257 40
263257 41
263257 42
263257 43
263257 44
263257 45
263257 46
263257 47
263257 48
263257 49
263257 50
263258 30
263258 117
263258 150
263258 155
263259 1
263259 135
263260 1
263260 96
263260 105
263261 1
263261 28
263261 128
263262 1
263264 -310
263265 1
263266 1
263266 50
263268 1
263268 133
263268 145
263268 153
263268 183
263269 175
263269 177
263269 178
263270 1
263283 32
263283 39
263283 49
263283 51
263284 -310
263285 1
263285 9
263285 16
263285 17
263285 18
263285 19
263287 1
263289 19
263289 85
263289 127
263289 151
263290 1
263290 2
263290 5
263291 8
263291 42
263291 54
263291 112
263292 7
263292 21
263293 31
263293 44
263294 20
263294 32
263294 38
263294 77
263294 105
263294 190
263295 93
263298 77
263298 98
263299 1
263299 15
263299 68
263300 122
263301 1
263301 50
263301 157
263302 1
263302 22
263302 67
263304 27
263304 65
263304 83
263304 95
263305 1
263305 166
263305 167
263305 168
263305 169
263305 170
263305 171
263305 172
263305 173
263305 174
263305 175
263305 176
263305 177
263305 178
263305 179
263305 180
263305 181
263305 182
263305 183
263305 184
263305 185
263305 186
263305 187
263305 188
263305 189
263305 190
263305 191
263305 192
263305 193
263305 194
263305 195
263305 196
263305 197
263305 198
263305 199
263305 200
263306 -310
263308 -310
263309 -310
263310 -310
263311 -310
263312 -310
263313 79
263313 192
263314 106
263314 111
263314 123
263314 174
263314 209
263315 -310
263318 57
263320 142
263325 -310
263326 75
263326 99
263326 103
263326 111
263326 202
263327 23
263327 31
263327 73
263327 103
263327 121
263327 135
263327 141
263327 161
263327 167
263327 182
263327 185
263327 189
263327 199
263328 18
263328 46
263329 -310
263330 41
263330 194
263331 1
263334 -310
263335 -310
263336 -310
263339 1
263339 15
263339 45
263339 61
263339 63
263339 70
263339 97
263339 114
263339 118
263339 129
263339 131
263339 153
263339 164
263339 188
263339 200
263341 21
263341 25
263341 29
263341 32
263341 54
263341 68
263341 112
263341 121
263341 142
263341 156
263341 158
263341 200
263342 1
263342 15
263342 42
263342 45
263342 91
263342 92
263342 110
263342 111
263342 161
263342 191
263344 2
263344 6
263344 15
263344 36
263344 152
263344 167
263344 168
263344 181
263344 197
263345 1
263346 1
263346 17
263346 82
263346 107
263346 140
263346 150
263346 187
263386 1
263386 12
263386 138
263387 4
263387 5
263387 7
263387 8
263387 10
263387 11
263387 12
263388 1
263388 2
263388 5
263388 15
263388 27
263388 167
263388 183
263388 184
263389 1
263389 103
263391 -310
263392 1
263392 22
263394 1
263395 20
263395 30
263395 48
263395 56
263395 58
263395 68
263395 108
263395 110
263395 116
263397 11
263397 17
263397 23
263397 37
263397 47
263397 49
263397 70
263397 98
263398 134
263398 190
263398 200
263399 1
263399 82
263399 200
263400 -310
263401 -310
263402 -310
263403 1
263403 20
263403 53
263404 1
263404 11
263404 72
263404 95
263405 1
263405 26
263405 27
263405 28
263405 29
263405 30
263405 31
263405 32
263405 33
263406 -310
263407 -310
263409 1
263409 3
263409 5
263409 7
263409 8
263409 11
263409 13
263409 15
263409 17
263409 19
263409 21
263409 23
263409 25
263409 27
263409 29
263409 31
263409 33
263409 35
263409 37
263409 39
263409 41
263409 43
263409 45
263409 47
263409 49
263409 51
263409 53
263409 54
263409 55
263409 57
263409 59
263409 61
263409 62
263409 63
263409 65
263409 67
263409 73
263409 75
263409 77
263409 78
263409 79
263409 80
263409 81
263409 83
263409 85
263409 87
263409 89
263409 90
263409 91
263409 93
263409 95
263409 97
263409 99
263409 101
263409 102
263409 103
263409 105
263409 107
263409 108
263409 109
263409 111
263409 113
263409 115
263409 117
263409 119
263409 121
263409 123
263409 125
263409 127
263409 131
263409 141
263409 150
263409 191
263410 9
263410 13
263411 1
263411 6
263411 8
263411 10
263411 26
263411 28
263411 34
263411 36
263411 38
263411 40
263411 42
263411 44
263411 46
263412 1
263413 -310
263414 1
263414 2
263414 6
263414 54
263414 101
263414 137
263414 155
263414 184
263414 185
263414 187
263414 188
263414 189
263415 1
263415 2
263415 3
263416 1
263416 2
263416 3
263416 4
263416 13
263416 22
263416 27
263416 29
263416 30
263416 33
263416 39
263416 40
263416 43
263416 44
263416 45
263416 71
263416 73
263416 75
263416 80
263416 95
263416 117
263416 135
263416 139
263416 154
263416 170
263416 179
263416 191
263417 15
263417 17
263417 19
263417 20
263417 43
263417 60
263417 80
263417 83
263417 94
263417 102
263417 105
263417 113
263417 121
263417 122
263417 124
263418 1
263418 10
263418 29
263418 46
263418 56
263418 58
263418 66
263418 82
263418 107
263418 108
263418 110
263418 111
263418 112
263418 113
263418 114
263418 115
263418 116
263418 117
263418 118
263418 119
263418 120
263418 121
263418 122
263418 124
263418 126
263418 130
263418 179
263418 195
263420 1
263420 59
263420 70
263420 97
263420 166
263420 167
263421 1
263421 49
263421 50
263421 51
263421 52
263422 58
263422 62
263423 13
263423 14
263424 1
263424 19
263424 38
263424 40
263424 41
263424 48
263425 1
263426 -310
263428 3
263429 1
263429 11
263429 25
263429 29
263429 33
263429 122
263429 185
263430 87
263430 91
263430 99
263430 102
263431 1
263432 140
263432 143
263433 1
263433 12
263433 122
263433 123
263433 124
263433 165
263434 8
263435 1
263441 1
263441 3
263441 4
263441 6
263441 8
263441 9
263441 11
263441 12
263441 14
263441 17
263441 23
263441 25
263441 26
263441 27
263441 28
263441 32
263441 40
263441 44
263441 50
263441 80
263441 88
263441 89
263441 100
263441 106
263441 108
263441 114
263441 120
263441 130
263441 131
263441 132
263442 51
263442 53
263442 55
263442 59
263442 66
263442 67
263443 6
263443 10
263443 14
263443 20
263443 28
263443 30
263443 32
263443 53
263443 69
263443 86
263443 89
263443 96
263443 99
263443 102
263443 110
263443 116
263443 122
263443 126
263443 134
263443 142
263443 158
263443 164
263443 170
263443 198
263444 24
263444 31
263444 138
263444 190
263445 1
263445 37
263445 61
263446 102
263447 149
263447 169
263447 186
263447 190
263447 194
263448 1
263448 4
263448 8
263448 16
263448 20
263448 37
263448 51
263449 3
263449 40
263449 69
263449 99
263449 117
263449 142
263449 166
263449 179
263450 1
263451 22
263454 1
263454 67
263454 85
263454 164
263456 1
263456 17
263456 110
263456 113
263456 114
263456 116
263456 119
263457 26
263457 105
263457 106
263457 107
263457 108
263457 109
263457 110
263457 111
263457 112
263457 113
263457 114
263457 115
263457 116
263457 117
263457 118
263457 119
263457 120
263457 121
263457 122
263457 123
263457 124
263457 125
263457 126
263457 127
263457 128
263457 129
263458 -310
263459 5
263460 -310
263463 153
263464 12
263464 13
263464 20
263464 21
263464 22
263465 16
263465 18
263465 50
263465 51
263466 -310
263467 1
263468 164
263468 166
263468 194
263469 3
263469 11
263469 13
263469 21
263470 1
263470 34
263470 42
263470 52
263470 54
263470 58
263470 68
263471 1
263471 13
263471 27
263484 -310
263490 1
263490 32
263490 33
263490 34
263490 35
263490 36
263490 37
263490 38
263490 39
263490 40
263490 41
263490 42
263490 43
263490 44
263490 45
263490 46
263490 47
263490 48
263490 49
263490 50
263490 51
263490 52
263490 53
263491 95
263491 192
263492 44
263492 47
263492 48
263493 1
263493 144
263493 145
263493 146
263493 147
263493 148
263493 149
263493 150
263493 151
263493 152
263493 153
263493 154
263493 155
263493 156
263493 157
263493 158
263493 159
263493 160
263493 161
263493 162
263493 163
263493 164
263493 165
263493 166
263493 167
263493 168
263493 169
263493 170
263493 171
263493 172
263494 93
263494 95
263494 114
263494 122
263494 126
263495 1
263495 114
263495 188
263495 189
263495 190
263495 191
263495 192
263495 193
263495 194
263495 195
263495 196
263495 197
263495 198
263495 199
263495 200
263496 1
263497 193
263497 195
263497 196
263497 197
263497 198
263497 199
263497 200
263498 -310
263499 30
263499 34
263499 35
263499 36
263499 44
263499 60
263499 62
263500 1
263501 101
263502 65
263502 66
263502 67
263502 68
263502 69
263502 70
263502 71
263502 72
263502 73
263502 74
263502 75
263502 76
263502 77
263502 78
263502 79
263502 80
263502 81
263502 82
263502 83
263502 84
263502 85
263502 86
263502 87
263502 88
263502 89
263502 90
263502 91
263502 92
263502 93
263502 94
263502 95
263502 96
263502 97
263502 98
263502 99
263502 100
263502 101
263502 102
263502 103
263502 104
263502 105
263502 106
263502 107
263502 108
263502 109
263502 110
263502 111
263502 112
263502 113
263502 114
263502 115
263502 116
263502 117
263502 118
263502 119
263502 120
263502 121
263502 122
263502 123
263502 124
263503 1
263503 7
263503 35
263503 36
263503 37
263507 1
263507 13
263507 35
263507 45
263507 49
263507 65
263507 73
263507 75
263507 94
263508 1
263508 44
263509 27
263509 42
263509 99
263510 3
263510 17
263510 60
263510 72
263510 73
263510 74
263510 76
263510 84
263510 89
263510 90
263510 91
263510 116
263510 120
263510 132
263510 133
263510 136
263510 137
263510 138
263510 139
263511 1
263511 32
263513 -310
263514 43
263514 45
263515 8
263515 84
263515 187
263516 1
263516 99
263517 1
263517 102
263520 1
263521 10
263522 1
263522 13
263522 14
263522 52
263522 53
263522 54
263522 55
263522 56
263522 57
263522 58
263522 59
263522 60
263522 61
263522 62
263522 63
263522 64
263522 65
263522 66
263522 67
263522 68
263522 69
263522 70
263522 71
263522 72
263522 73
263523 1
263523 45
263523 109
263523 124
263523 156
263523 169
263523 170
263523 171
263523 172
263523 173
263523 178
263523 179
263523 187
263523 188
263523 190
263523 191
263523 192
263524 20
263524 21
263526 -310
263527 82
263527 146
263527 190
263529 120
263530 1
263530 70
263530 92
263533 1
263535 90
263535 126
263536 9
263536 65
263536 76
263536 112
263536 116
263536 120
263536 184
263536 193
263537 1
263537 6
263538 36
263543 167
263544 1
263545 1
263547 1
263547 69
263548 1
263548 58
263548 156
263548 173
263548 194
263549 1
263549 16
263551 -310
263552 1
263552 38
263552 39
263552 40
263552 41
263552 42
263552 43
263552 44
263552 45
263552 46
263552 47
263552 48
263552 49
263552 50
263552 51
263552 52
263552 53
263552 54
263552 55
263552 56
263552 57
263552 58
263552 59
263552 60
263552 61
263553 -310
263554 43
263554 45
263554 46
263554 47
263554 48
263554 49
263554 50
263554 51
263554 52
263555 -310
263556 7
263557 -310
263558 30
263558 31
263558 32
263558 33
263558 34
263558 35
263558 36
263558 37
263558 38
263558 39
263558 40
263558 41
263558 42
263558 43
263558 44
263558 45
263558 46
263558 47
263558 48
263558 49
263558 50
263558 51
263558 52
263558 53
263558 54
263558 55
263558 56
263558 57
263558 58
263558 59
263558 60
263558 61
263559 -310
263560 -310
263561 -310
263562 -310
263563 -310
263564 -310
263565 -310
263566 -310
263576 6
263576 13
263576 21
263576 26
263576 30
263576 33
263576 35
263576 44
263576 47
263576 48
263576 52
263576 60
263576 62
263576 66
263576 70
263576 115
263576 122
263576 135
263576 148
263576 161
263576 172
263576 189
263577 7
263577 17
263577 18
263577 19
263577 46
263577 47
263577 60
263577 69
263577 77
263577 104
263577 114
263577 128
263577 155
263577 165
263577 174
263577 175
263577 192
263577 194
263577 200
263578 6
263578 14
263578 34
263578 48
263578 52
263578 54
263578 56
263578 57
263578 58
263578 59
263578 60
263578 61
263578 138
263578 145
263578 160
263578 173
263578 174
263578 177
263578 181
263578 182
263578 183
263578 184
263578 185
263578 189
263578 190
263578 191
263578 193
263579 1
263579 80
263579 81
263579 92
263579 113
263579 114
263579 115
263579 116
263579 117
263579 130
263579 169
263580 1
263580 47
263580 58
263580 68
263580 71
263580 72
263580 73
263580 75
263580 83
263580 84
263580 91
263580 96
263580 112
263580 114
263580 117
263580 127
263580 165
263580 166
263580 168
263580 170
263580 171
263580 172
263580 173
263580 174
263580 177
263580 179
263580 181
263580 182
263580 183
263580 184
263580 185
263581 2
263581 6
263581 12
263581 13
263582 4
263582 5
263582 8
263582 11
263582 14
263582 18
263582 20
263582 21
263582 32
263582 52
263582 119
263582 120
263582 131
263582 142
263582 154
263582 156
263582 161
263582 185
263584 23
263584 24
263584 25
263584 36
263584 40
263584 41
263584 42
263584 43
263585 7
263585 24
263585 139
263585 145
263586 1
263586 24
263586 120
263587 20
263587 26
263587 192
263588 1
263588 129
263588 147
263588 148
263588 165
263590 57
263590 104
263591 45
263591 46
263591 47
263591 49
263591 61
263591 74
263591 78
263591 157
263591 158
263591 159
263591 160
263591 163
263591 164
263591 165
263591 166
263591 169
263591 173
263591 178
263591 179
263591 180
263591 193
263592 2
263592 4
263592 6
263592 10
263592 22
263592 23
263592 24
263592 26
263592 28
263592 29
263592 30
263592 50
263592 64
263592 70
263592 72
263592 80
263592 87
263592 91
263592 93
263592 95
263592 117
263592 124
263592 129
263592 141
263592 142
263592 143
263592 144
263592 145
263592 146
263592 147
263592 148
263592 149
263592 150
263592 151
263592 152
263592 153
263592 154
263592 155
263592 156
263592 157
263592 158
263592 159
263592 160
263593 1
263593 2
263593 7
263593 12
263593 15
263593 16
263593 22
263593 27
263593 33
263593 34
263593 36
263593 38
263593 40
263593 41
263593 42
263593 43
263593 44
263593 45
263593 46
263593 49
263593 57
263593 60
263593 70
263593 97
263594 14
263594 22
263594 27
263594 30
263594 47
263594 61
263594 99
263594 135
263594 137
263594 179
263595 -310
263596 -310
263597 1
263597 2
263597 4
263597 6
263597 16
263597 21
263597 34
263597 44
263597 46
263597 49
263597 56
263597 57
263597 71
263597 79
263597 92
263597 97
263597 103
263597 104
263597 105
263597 106
263597 107
263597 108
263597 109
263597 110
263597 111
263598 32
263598 39
263598 40
263598 41
263599 4
263599 10
263599 29
263599 30
263599 31
263599 32
263600 1
263600 11
263600 12
263600 13
263600 14
263601 1
263601 2
263601 24
263601 25
263602 11
263602 23
263602 24
263602 25
263602 26
263196 -310
263267 -310
263286 -310
263303 -310
263321 -310
263322 -310
263332 -310
263340 -310
263343 -310
263347 -310
263427 -310
263478 -310
263482 -310
263483 -310
263518 -310
263528 -310
263534 -310
263540 -310
