263655 26
263655 101
263655 167
263656 1
263660 1
263660 59
263660 77
263660 78
263660 82
263660 83
263660 84
263660 85
263660 86
263660 87
263660 88
263660 89
263660 90
263660 91
263661 1
263661 2
263663 1
263663 32
263664 18
263664 92
263664 105
263664 125
263664 160
263664 161
263664 162
263664 163
263664 164
263664 165
263664 166
263664 167
263664 168
263664 169
263664 170
263664 171
263664 172
263664 173
263664 174
263664 175
263664 176
263664 177
263664 178
263664 179
263664 180
263664 181
263664 182
263664 183
263664 184
263664 185
263664 186
263664 187
263664 188
263664 189
263665 1
263665 29
263666 17
263666 35
263666 75
263679 -310
263680 1
263680 3
263680 4
263680 6
263680 7
263680 8
263680 11
263680 12
263680 13
263680 15
263680 17
263680 19
263680 20
263680 23
263681 -310
263682 2
263682 4
263682 8
263682 19
263682 32
263682 34
263682 36
263682 46
263682 70
263682 72
263682 73
263682 87
263682 90
263682 100
263682 106
263682 126
263682 128
263682 132
263682 134
263683 -310
263684 3
263684 5
263684 7
263684 8
263684 14
263684 15
263684 17
263684 23
263684 24
263684 25
263684 27
263684 32
263684 33
263684 35
263684 36
263684 37
263684 43
263684 45
263684 48
263684 54
263684 65
263684 68
263684 69
263684 71
263684 73
263684 75
263684 77
263685 14
263685 17
263685 52
263685 62
263685 146
263685 160
263685 181
263687 80
263687 84
263687 85
263687 86
263691 5
263691 7
263691 8
263691 34
263691 59
263691 67
263691 85
263691 94
263691 128
263691 139
263691 143
263691 149
263702 1
263702 15
263702 45
263702 117
263703 16
263703 18
263703 20
263703 22
263703 24
263703 25
263703 27
263708 -310
263709 1
263709 2
263709 3
263709 4
263709 5
263709 6
263709 7
263709 8
263709 13
263709 33
263709 78
263709 79
263709 80
263709 158
263709 182
263710 38
263710 97
263710 160
263710 169
263710 183
263710 185
263710 192
263711 31
263711 32
263711 33
263711 34
263711 35
263711 36
263711 37
263711 38
263711 39
263711 40
263711 41
263711 42
263711 43
263711 44
263711 45
263711 46
263711 47
263711 48
263711 49
263711 50
263711 51
263711 52
263711 53
263711 54
263711 55
263714 1
263714 28
263714 29
263714 93
263714 95
263716 25
263716 35
263716 38
263716 58
263716 88
263716 113
263717 32
263717 78
263717 129
263718 1
263720 1
263720 16
263720 18
263720 20
263720 32
263720 44
263720 58
263720 100
263720 104
263720 124
263720 126
263720 142
263720 180
263721 28
263721 38
263722 121
263723 84
263724 58
263724 59
263725 1
263725 92
263725 94
263725 142
263725 176
263726 1
263726 29
263726 41
263726 42
263726 47
263726 76
263726 156
263726 180
263727 1
263727 13
263727 34
263727 51
263727 62
263727 66
263727 93
263727 106
263727 107
263740 3
263740 6
263740 8
263740 11
263741 1
263741 4
263741 8
263741 9
263741 11
263741 13
263741 17
263741 18
263741 21
263741 22
263741 23
263741 24
263741 26
263741 30
263741 32
263741 36
263741 37
263741 38
263741 39
263741 42
263741 44
263741 48
263744 11
263744 15
263744 19
263744 38
263744 40
263744 43
263744 66
263744 89
263744 115
263744 120
263744 159
263744 167
263744 168
263744 188
263745 70
263745 78
263745 154
263745 172
263745 194
263745 199
263746 8
263746 9
263746 13
263746 19
263746 24
263746 25
263746 54
263746 127
263746 141
263746 146
263746 149
263746 160
263746 164
263746 168
263746 179
263746 190
263746 198
263746 200
263747 1
263747 22
263747 23
263747 24
263747 31
263747 67
263747 99
263748 -310
263749 1
263749 15
263749 52
263749 62
263749 75
263749 99
263749 108
263749 137
263749 145
263750 1
263750 9
263750 78
263751 -310
263752 12
263752 33
263752 41
263752 103
263752 108
263752 116
263752 118
263752 126
263752 127
263753 2
263753 43
263754 -310
263755 1
263755 8
263755 26
263757 1
263757 23
263757 33
263757 34
263757 35
263757 36
263758 1
263758 8
263758 69
263760 1
263761 58
263762 1
263762 35
263762 44
263762 80
263762 162
263762 163
263762 187
263762 198
263763 1
263763 59
263763 121
263763 122
263764 3
263764 4
263764 124
263764 191
263764 192
263764 193
263764 194
263764 195
263765 59
263765 60
263765 111
263765 134
263765 135
263765 136
263765 137
263765 138
263765 139
263765 140
263765 141
263765 142
263765 143
263765 144
263766 1
263767 1
263767 2
263767 3
263767 4
263767 5
263767 7
263768 2
263768 3
263768 4
263768 5
263769 1
263769 5
263769 23
263769 99
263769 100
263769 101
263769 102
263769 103
263769 104
263769 105
263769 106
263769 107
263769 108
263769 109
263769 110
263769 111
263769 112
263769 113
263769 114
263769 115
263769 116
263769 117
263769 118
263769 119
263769 120
263769 121
263769 122
263769 123
263769 124
263769 125
263769 126
263769 127
263769 128
263769 129
263769 130
263769 131
263769 132
263769 133
263769 134
263769 135
263769 136
263769 137
263769 138
263769 139
263769 140
263769 141
263769 142
263769 143
263769 144
263769 145
263769 146
263769 147
263769 148
263769 149
263769 150
263769 151
263769 152
263769 153
263769 154
263769 155
263769 156
263769 157
263769 158
263769 159
263769 160
263769 161
263769 162
263769 163
263769 164
263769 165
263769 166
263769 167
263769 168
263769 169
263769 170
263769 171
263769 172
263769 173
263769 174
263769 175
263769 176
263769 177
263769 178
263769 179
263769 180
263769 181
263769 182
263769 183
263769 184
263769 185
263769 186
263769 187
263769 188
263769 189
263769 190
263769 191
263769 192
263769 193
263769 194
263769 195
263769 196
263769 197
263769 198
263769 199
263769 200
263770 13
263770 14
263770 20
263770 55
263770 83
263770 101
263770 108
263770 109
263770 110
263770 114
263770 115
263770 123
263770 131
263770 132
263770 154
263770 162
263771 1
263771 7
263771 24
263771 26
263771 33
263771 36
263771 81
263771 97
263771 144
263771 147
263771 174
263771 190
263772 1
263772 8
263772 39
263772 70
263772 72
263772 73
263772 78
263772 92
263772 96
263772 97
263772 98
263772 102
263772 104
263772 113
263772 114
263772 169
263773 1
263773 22
263773 70
263773 91
263773 154
263773 183
263773 193
263774 181
263774 182
263774 183
263774 184
263774 185
263774 194
263774 197
263775 14
263775 18
263775 21
263775 22
263775 30
263775 31
263775 54
263775 56
263775 64
263775 69
263775 70
263775 85
263775 86
263775 100
263775 102
263775 103
263775 104
263775 113
263775 124
263775 125
263775 130
263775 132
263775 139
263775 143
263775 145
263775 150
263775 151
263775 152
263775 161
263775 163
263775 165
263775 180
263775 186
263775 188
263775 189
263775 190
263775 191
263775 192
263776 1
263776 2
263776 4
263776 16
263776 17
263776 38
263776 45
263776 46
263776 70
263776 71
263776 72
263776 103
263776 160
263776 163
263776 164
263776 165
263776 170
263776 171
263776 172
263776 174
263776 176
263776 182
263776 183
263776 184
263776 188
263777 14
263777 17
263777 36
263777 46
263777 47
263777 48
263777 53
263777 64
263777 67
263777 80
263777 85
263777 89
263777 92
263777 94
263777 146
263777 148
263777 149
263777 150
263777 151
263777 152
263777 157
263777 158
263777 159
263777 174
263777 175
263777 191
263777 192
263777 193
263778 3
263778 4
263778 15
263780 13
263781 7
263781 20
263781 21
263781 23
263781 25
263781 26
263781 49
263781 75
263781 80
263781 83
263781 87
263781 103
263781 104
263781 105
263781 123
263781 135
263781 136
263781 137
263781 164
263781 172
263781 176
263781 192
263783 -310
263784 3
263784 6
263784 34
263784 36
263784 40
263785 27
263785 110
263785 186
263787 1
263787 44
263787 108
263787 160
263788 47
263788 74
263788 113
263788 152
263788 184
263790 39
263790 66
263790 74
263790 76
263790 106
263790 130
263790 151
263791 1
263791 5
263791 53
263791 57
263791 59
263791 60
263791 62
263791 120
263792 1
263792 102
263792 105
263792 110
263792 138
263792 171
263792 185
263792 189
263792 191
263792 192
263792 193
263792 195
263792 196
263793 126
263793 140
263793 185
263794 1
263794 6
263794 17
263794 22
263794 32
263794 49
263794 66
263795 1
263795 6
263795 33
263795 39
263795 46
263795 61
263795 86
263795 139
263798 55
263798 60
263798 70
263799 3
263799 22
263799 37
263799 63
263799 119
263799 120
263799 121
263799 123
263799 161
263799 166
263799 168
263799 169
263799 177
263799 191
263799 195
263800 1
263800 2
263800 6
263800 16
263800 17
263800 21
263800 24
263800 29
263800 38
263800 40
263800 42
263800 44
263800 45
263803 2
263803 3
263803 52
263804 1
263804 17
263804 24
263804 31
263804 65
263804 78
263804 129
263804 140
263804 144
263804 148
263804 149
263804 150
263804 158
263804 160
263804 161
263804 189
263805 1
263805 17
263806 -310
263807 1
263807 46
263808 37
263808 40
263808 41
263808 42
263808 43
263808 76
263808 77
263808 85
263808 86
263808 87
263808 89
263808 90
263808 106
263808 107
263808 108
263808 121
263808 122
263808 136
263808 149
263808 157
263808 158
263808 164
263808 168
263808 190
263808 191
263809 1
263809 30
263809 31
263809 32
263809 33
263809 35
263809 36
263809 37
263809 43
263809 44
263809 49
263809 51
263809 65
263809 140
263809 141
263809 142
263809 143
263809 144
263809 145
263809 146
263809 147
263809 148
263809 149
263809 150
263809 151
263809 152
263809 153
263809 154
263809 155
263809 156
263809 157
263809 158
263809 159
263809 160
263809 161
263809 162
263809 163
263809 164
263809 165
263809 166
263809 167
263809 168
263809 169
263809 170
263809 171
263809 172
263809 173
263809 174
263809 175
263809 176
263809 177
263809 178
263809 179
263809 180
263809 181
263809 182
263809 183
263810 46
263810 87
263810 95
263810 111
263810 128
263810 182
263810 185
263810 193
263811 15
263811 30
263811 34
263811 40
263811 42
263811 44
263811 46
263811 48
263811 50
263811 51
263811 52
263811 55
263811 56
263811 66
263811 67
263811 82
263811 86
263811 90
263811 92
263811 94
263811 97
263811 98
263811 99
263811 110
263811 116
263811 128
263811 140
263811 147
263811 154
263811 160
263811 173
263811 178
263812 -310
263813 -310
263814 -310
263816 1
263816 6
263816 19
263816 65
263816 70
263816 71
263816 74
263816 75
263816 89
263816 90
263816 91
263817 1
263817 10
263817 11
263818 8
263820 24
263820 43
263820 44
263820 47
263820 49
263820 50
263820 52
263820 53
263820 54
263820 55
263820 58
263820 72
263820 78
263820 84
263820 85
263820 86
263820 87
263820 88
263820 97
263820 98
263820 100
263821 -310
263822 1
263822 74
263822 82
263822 99
263823 1
263824 17
263824 32
263824 45
263824 53
263824 70
263824 109
263824 126
263824 139
263824 148
263824 152
263824 172
263824 192
263825 -310
263826 -310
263827 -310
263828 -310
263829 -310
263830 -310
263831 -310
263834 14
263834 35
263834 36
263834 48
263834 49
263834 84
263834 95
263834 98
263834 114
263834 135
263834 169
263834 171
263834 194
263834 196
263834 198
263835 26
263835 72
263835 79
263835 96
263836 6
263836 22
263836 23
263836 29
263836 30
263836 79
263836 131
263836 151
263837 24
263837 27
263837 42
263837 43
263837 55
263837 61
263837 70
263837 79
263837 83
263837 87
263837 102
263837 103
263837 104
263837 108
263837 117
263837 121
263837 123
263837 126
263837 143
263837 164
263837 172
263837 180
263838 21
263838 22
263838 23
263838 24
263838 25
263838 26
263838 27
263838 28
263838 29
263838 37
263838 44
263838 45
263838 48
263838 53
263838 62
263838 64
263838 76
263838 78
263838 87
263838 127
263838 145
263838 177
263838 184
263838 196
263838 200
263839 1
263839 33
263839 78
263839 87
263839 102
263839 141
263839 142
263839 143
263839 144
263840 -310
263841 -310
263842 16
263842 103
263842 125
263842 174
263842 192
263843 6
263843 10
263843 19
263846 82
263846 116
263846 161
263846 184
263846 186
263846 187
263846 190
263846 192
263847 1
263847 37
263847 39
263847 40
263847 75
263847 84
263847 96
263847 99
263847 105
263847 127
263847 130
263847 165
263847 169
263847 198
263847 200
263848 8
263848 9
263848 20
263848 21
263848 22
263848 24
263848 25
263848 38
263848 40
263848 59
263848 64
263848 73
263848 78
263848 79
263848 122
263848 158
263848 199
263849 1
263849 14
263849 27
263849 50
263849 163
263850 80
263850 128
263851 113
263851 164
263851 172
263851 174
263852 9
263852 38
263852 47
263852 48
263852 49
263852 51
263853 1
263853 21
263853 40
263853 64
263926 1
263926 6
263928 3
263929 -310
263930 -310
263938 18
263939 1
263939 28
263939 42
263939 141
263940 1
263940 69
263940 85
263940 86
263940 89
263940 91
263942 3
263942 25
263942 50
263942 63
263942 133
263942 143
263943 36
263943 84
263943 86
263943 139
263943 172
263943 193
263943 195
263944 24
263944 103
263944 137
263944 187
263945 -310
263946 1
263946 18
263946 32
263946 104
263946 132
263946 153
263947 19
263947 99
263947 153
263947 199
263948 -310
263950 3
263950 6
263950 7
263950 8
263950 9
263950 10
263951 82
263951 113
263951 115
263951 125
263951 147
263952 101
263952 156
263952 167
263953 1
263953 164
263953 168
263953 194
263954 1
263954 42
263954 60
263954 64
263954 96
263955 6
263955 7
263955 8
263955 9
263955 10
263955 11
263955 12
263955 13
263956 50
263956 105
263956 135
263957 64
263957 71
263957 79
263958 -310
263959 -310
263962 23
263962 76
263962 84
263962 127
263963 28
263963 33
263964 -310
263965 1
263965 2
263965 96
263965 114
263965 122
263967 1
263967 104
263967 123
263967 150
263967 173
263968 60
263968 76
263968 97
263969 1
263969 38
263969 39
263969 40
263969 41
263969 42
263969 43
263969 44
263969 45
263969 46
263969 47
263969 48
263969 49
263969 50
263969 51
263969 52
263970 20
263970 75
263970 80
263970 117
263970 119
263970 121
263970 127
263970 150
263970 177
263970 190
263970 199
263970 200
263971 18
263971 91
263971 133
263971 135
263971 160
263971 183
263971 184
263971 185
263971 186
263971 187
263971 188
263971 189
263971 190
263971 191
263971 192
263971 193
263971 194
263971 195
263971 196
263971 197
263971 198
263971 199
263972 1
263972 3
263974 1
263974 6
263974 23
263976 10
263976 112
263976 193
263977 102
263977 108
263977 109
263977 110
263977 111
263977 112
263977 113
263977 114
263977 115
263977 116
263977 117
263977 118
263977 125
263977 131
263977 167
263978 3
263978 22
263978 65
263978 87
263978 196
263979 63
263979 67
263979 112
263979 159
263980 1
263980 38
263980 78
263980 88
263980 96
263980 130
263981 42
263981 74
263981 78
263981 80
263981 86
263981 92
263981 96
263981 100
263981 106
263981 110
263981 114
263981 122
263981 127
263981 128
263981 142
263981 146
263981 158
263981 160
263981 162
263981 170
263981 174
263981 186
263981 188
263981 190
263982 22
263982 45
263982 105
263982 113
263982 121
263982 122
263982 123
263982 124
263982 125
263982 126
263982 127
263982 128
263982 129
263982 130
263982 131
263982 132
263982 133
263982 134
263982 135
263982 136
263982 137
263982 138
263982 139
263982 140
263982 141
263982 142
263982 143
263982 144
263982 145
263982 146
263982 147
263982 148
263982 149
263982 150
263982 151
263982 152
263982 153
263982 154
263982 155
263982 156
263982 157
263982 158
263982 159
263982 160
263982 161
263982 162
263982 163
263982 164
263982 165
263982 166
263982 167
263982 168
263982 169
263982 170
263982 171
263982 172
263982 173
263982 174
263982 175
263982 176
263982 177
263982 178
263982 179
263982 180
263982 181
263982 182
263982 183
263982 184
263982 185
263982 186
263982 187
263982 188
263982 189
263982 190
263982 191
263982 192
263982 193
263982 194
263982 195
263982 196
263982 197
263982 198
263982 199
263982 200
263983 88
263983 120
263983 165
263985 1
263985 7
263985 51
263985 118
263985 129
263985 150
263985 153
263986 87
263986 102
263986 112
263986 114
263986 131
263986 138
263986 140
263986 183
263987 29
263987 53
263987 71
263987 73
263987 75
263987 157
263987 196
263988 31
263988 52
263988 73
263988 119
263988 167
263989 19
263989 52
263989 65
263990 -310
263991 -310
263993 1
263993 59
263993 63
263993 110
263993 121
263993 164
263993 178
263993 190
263995 1
263995 15
263997 20
263997 87
263997 141
263997 146
263997 168
263998 1
263998 40
263998 74
263998 77
263998 152
263998 187
263998 190
263998 191
263998 192
263998 193
263998 194
263999 1
263999 31
263999 34
263999 56
263999 137
263999 157
263999 158
263999 176
264000 1
264000 32
264000 33
264000 34
264000 35
264000 36
264000 37
264000 50
264000 85
264000 87
264000 88
264000 90
264001 24
264001 27
264001 29
264002 28
264002 45
264002 58
264003 134
264003 185
264003 186
264003 187
264003 188
264003 189
264003 190
264003 191
264003 192
264003 193
264003 194
264003 197
264003 198
264003 199
264003 200
264004 -310
264006 1
264006 26
264006 33
264006 77
264008 1
264008 59
264008 122
264008 182
264009 -310
264010 5
264010 6
264014 1
264015 79
264015 84
264015 86
264015 94
264015 99
264015 124
264015 158
264015 177
264018 25
264018 37
264018 78
264018 89
264018 121
264018 165
264019 1
264019 4
264019 5
264019 35
264019 38
264019 46
264019 111
264019 132
264019 135
264020 30
264020 37
264020 98
264020 139
264022 16
264023 20
264023 21
264023 22
264023 23
264023 24
264023 25
264023 26
264023 27
264023 28
264023 29
264023 30
264023 31
264023 32
264023 33
264023 34
264023 35
264023 36
264023 37
264023 38
264023 39
264023 40
264023 41
264023 42
264023 43
264023 44
264023 45
264023 46
264023 47
264023 48
264023 49
264023 50
264023 51
264023 52
264023 53
264023 54
264023 55
264024 1
264024 14
264024 22
264024 26
264024 40
264025 3
264025 12
264025 17
264025 29
264025 64
264025 71
264025 73
264025 181
264025 182
264025 183
264025 184
264025 185
264025 186
264025 187
264025 188
264025 189
264025 190
264025 191
264025 192
264025 193
264025 194
264025 195
264025 196
264025 197
264025 198
264025 199
264025 200
264026 -310
264027 -310
264028 31
264028 38
264028 107
264028 119
264028 144
264028 147
264028 158
264028 159
264028 184
264028 188
264029 1
264029 5
264029 10
264029 28
264029 49
264029 59
264029 65
264029 84
264029 89
264029 107
264029 108
264029 127
264029 129
264029 146
264029 156
264029 184
264029 194
264029 195
264029 198
264030 58
264030 60
264030 81
264030 116
264030 117
264030 118
264030 119
264030 120
264030 121
264030 122
264030 123
264030 124
264030 125
264030 126
264030 127
264030 128
264030 129
264030 130
264030 131
264030 132
264030 133
264030 134
264030 135
264030 136
264030 137
264030 138
264031 -310
264032 -310
264033 1
264033 25
264033 42
264033 61
264033 66
264033 97
264033 140
264033 174
264034 1
264034 2
264034 3
264034 9
264034 10
264034 11
264035 35
264035 52
264035 56
264035 77
264035 106
264035 154
264035 194
264036 10
264036 27
264036 32
264036 38
264036 40
264036 45
264036 48
264036 50
264036 51
264036 54
264036 58
264036 83
264036 84
264036 85
264036 86
264036 96
264036 97
264036 101
264036 102
264036 109
264036 110
264036 111
264036 122
264036 136
264037 1
264037 115
264037 129
264037 135
264037 161
264038 53
264038 81
264038 83
264038 93
264038 105
264038 107
264039 1
264039 4
264039 6
264040 2
264040 33
264040 41
264040 48
264041 19
264041 41
264041 56
264041 78
264041 97
264041 104
264041 107
264041 114
264041 136
264041 169
264041 170
264041 187
264041 189
264042 1
264042 49
264044 3
264044 4
264044 6
264044 12
264045 5
264045 23
264045 27
264045 67
264046 -310
264048 6
264051 1
264051 88
264051 93
264051 138
264051 168
264051 198
264053 1
264053 3
264053 11
264053 19
264053 24
264053 46
264053 63
264053 64
264053 85
264053 113
264053 155
264053 158
264054 14
264054 15
264054 16
264054 17
264055 -310
264056 3
264056 12
264056 29
264056 46
264056 51
264057 -310
264058 3
264058 17
264058 24
264058 36
264058 52
264058 56
264058 76
264058 111
264058 178
264059 1
264059 2
264059 32
264059 42
264059 92
264059 107
264059 160
264059 163
264059 193
264060 109
264060 132
264060 152
264060 166
264060 185
264060 192
264060 197
264060 198
264062 4
264062 6
264063 6
264063 33
264063 36
264063 40
264063 42
264063 44
264063 52
264063 60
264063 64
264063 71
264063 73
264063 76
264063 81
264063 86
264063 96
264063 102
264063 124
264063 125
264063 150
264063 170
264063 195
264064 1
264064 17
264064 18
264064 63
264064 76
264064 79
264064 96
264064 144
264064 145
264064 156
264064 176
264064 177
264064 179
264064 182
264064 183
264064 185
264064 192
264064 194
264064 195
264065 39
264065 41
264065 107
264065 181
264066 8
264066 44
264066 72
264066 94
264066 122
264066 152
264066 198
264067 12
264067 24
264067 32
264067 36
264067 83
264067 194
264068 1
264068 50
264068 67
264069 -310
264071 -310
264073 1
264073 4
264073 7
264073 19
264073 42
264075 -310
264076 10
264076 25
264077 1
264077 31
264077 32
264077 33
264077 34
264077 35
264077 36
264077 37
264077 38
264077 39
264077 40
264077 41
264077 42
264077 43
264077 44
264077 45
264077 46
264078 24
264078 164
264078 165
264078 166
264078 167
264078 168
264078 169
264078 170
264078 171
264078 172
264078 173
264078 174
264078 175
264078 176
264078 177
264078 178
264078 179
264078 180
264078 181
264078 182
264078 183
264078 184
264078 185
264078 186
264078 187
264078 188
264078 189
264078 190
264078 191
264078 192
264078 193
264078 194
264078 195
264078 196
264078 197
264078 198
264078 199
264078 200
264079 -310
264082 1
264083 -310
264084 -310
264085 -310
264087 1
264087 8
264089 -310
264090 -310
264092 1
264093 1
264093 6
264093 7
264093 28
264093 37
264093 59
264093 70
264094 -310
264095 1
264095 28
264095 30
264095 34
264095 42
264095 67
264095 81
264095 91
264095 104
264095 107
264095 110
264096 44
264096 71
264096 79
264096 84
264096 123
264096 148
264096 155
264096 162
264096 195
264097 -310
264098 24
264098 55
264098 68
264098 91
264111 38
264111 44
264112 -310
264113 2
264113 20
264113 25
264113 34
264113 57
264113 81
264113 91
264113 92
264113 116
264113 131
264113 133
264113 138
264113 147
264113 185
264115 -310
264116 15
264116 33
264116 34
264119 1
264120 7
264120 12
264120 51
264120 54
264120 55
264120 56
264120 59
264120 63
264120 67
264120 70
264120 71
264120 79
264120 80
264120 89
264120 90
264120 91
264120 92
264120 94
264120 97
264120 136
264120 150
264120 152
264120 156
264120 164
264120 181
264121 130
264121 143
264121 150
264121 167
264121 196
264122 1
264122 10
264122 14
264122 45
264122 46
264123 1
264123 9
264123 20
264123 30
264123 31
264123 64
264123 82
264123 132
264123 134
264123 137
264123 138
264123 139
264123 140
264123 141
264123 142
264123 143
264123 144
264123 145
264123 146
264123 147
264123 148
264123 149
264123 150
264123 151
264123 152
264123 153
264123 154
264123 155
264123 156
264123 157
264123 158
264123 159
264123 160
264123 161
264123 162
264123 163
264123 164
264123 165
264123 166
264123 167
264123 168
264123 169
264123 170
264123 171
264123 172
264123 173
264123 174
264123 175
264123 176
264123 177
264123 178
264123 179
264123 180
264123 181
264123 182
264123 183
264123 184
264123 185
264123 186
264123 187
264123 188
264123 189
264123 190
264123 191
264123 192
264123 193
264123 194
264123 195
264123 196
264123 197
264123 198
264123 199
264123 200
264124 1
264124 4
264124 5
264124 6
264124 14
264124 15
264124 18
264124 19
264124 20
264124 21
264125 31
264125 159
264125 166
264125 167
264125 168
264125 170
264125 172
264125 173
264125 199
264126 20
264126 55
264126 75
264126 88
264126 116
264127 1
264127 4
264127 62
264127 76
264127 77
264127 78
264127 79
264127 80
264127 81
264127 82
264127 83
264127 87
264127 90
264127 93
264127 94
264127 130
264127 173
264129 -310
264131 28
264131 44
264131 111
264131 120
264131 172
264131 184
264132 23
264132 61
264132 63
264132 64
264133 1
264133 46
263667 -310
263686 -310
263690 -310
263782 -310
263789 -310
263931 -310
263973 -310
263992 -310
263994 -310
264005 -310
264012 -310
264047 -310
264070 -310
264072 -310
264074 -310
264080 -310
264081 -310
264086 -310
264088 -310
264091 -310
264110 -310
264114 -310
264118 -310
264128 -310
264130 -310
