264170 -310
264173 -310
264174 -310
264175 -310
264176 -310
264178 -310
264179 -310
264182 2
264182 3
264182 4
264182 5
264182 6
264182 8
264182 10
264182 14
264182 16
264182 17
264182 19
264182 22
264182 24
264182 28
264182 41
264182 44
264182 48
264182 52
264182 74
264182 79
264182 80
264182 88
264182 89
264182 94
264182 100
264182 119
264182 126
264182 129
264182 134
264182 136
264182 145
264182 150
264182 155
264182 158
264182 161
264182 164
264182 173
264182 175
264182 179
264182 200
264183 -310
264184 1
264184 4
264184 13
264184 18
264184 31
264184 37
264184 55
264184 58
264184 76
264184 78
264184 81
264184 83
264184 85
264184 88
264184 89
264184 90
264184 91
264184 93
264184 94
264184 95
264184 98
264184 99
264184 100
264184 102
264184 103
264184 104
264184 105
264184 128
264184 132
264184 136
264185 1
264185 16
264185 27
264185 43
264185 48
264185 68
264185 70
264185 77
264185 96
264185 107
264185 109
264185 121
264185 123
264185 129
264185 130
264185 131
264185 141
264185 145
264185 149
264185 152
264185 153
264185 154
264185 155
264185 156
264185 157
264185 158
264185 159
264185 160
264185 161
264185 162
264185 163
264185 164
264185 165
264185 166
264185 167
264185 168
264185 169
264185 170
264185 171
264185 172
264185 173
264185 174
264185 175
264185 176
264185 177
264185 178
264185 179
264185 180
264185 181
264185 182
264185 183
264185 184
264185 185
264185 186
264185 187
264185 188
264185 189
264185 190
264185 191
264185 192
264185 193
264185 194
264185 195
264185 196
264185 197
264185 198
264185 199
264185 200
264186 10
264186 17
264186 18
264186 21
264186 31
264186 32
264186 36
264186 48
264186 51
264186 62
264186 65
264186 76
264186 84
264186 85
264186 92
264186 97
264186 101
264186 111
264186 112
264186 123
264186 127
264186 129
264187 1
264188 11
264188 18
264188 33
264188 36
264188 60
264188 66
264188 79
264188 95
264188 107
264188 127
264188 156
264188 159
264188 163
264188 183
264188 186
264188 194
264189 7
264189 24
264192 4
264192 8
264192 40
264192 70
264192 72
264192 73
264192 74
264192 75
264192 76
264192 90
264192 96
264192 101
264192 113
264192 134
264192 145
264192 175
264192 179
264192 181
264192 184
264192 191
264192 195
264193 26
264193 59
264193 62
264193 65
264193 71
264193 81
264193 91
264193 129
264193 139
264193 161
264193 166
264193 169
264193 173
264193 184
264194 1
264194 9
264194 15
264194 22
264194 76
264194 97
264194 116
264194 199
264195 -310
264196 9
264196 29
264196 101
264196 129
264196 157
264196 161
264196 173
264196 174
264196 177
264197 1
264197 3
264197 4
264197 6
264197 7
264197 8
264197 10
264197 11
264197 12
264197 19
264198 -310
264199 3
264199 17
264199 18
264199 23
264199 39
264201 13
264201 19
264201 25
264201 37
264201 47
264201 48
264201 49
264201 50
264201 51
264201 52
264201 53
264201 54
264201 55
264201 56
264201 57
264201 58
264201 59
264201 60
264201 61
264201 62
264201 63
264201 64
264201 65
264201 66
264201 67
264201 68
264201 69
264201 70
264201 71
264201 72
264201 73
264201 74
264201 75
264202 1
264202 30
264202 92
264202 136
264202 137
264202 139
264202 144
264202 147
264202 170
264203 18
264203 22
264204 1
264204 54
264204 55
264204 56
264204 58
264204 65
264204 74
264204 117
264204 132
264204 156
264204 186
264205 80
264205 109
264205 132
264205 138
264205 160
264205 165
264205 171
264206 1
264206 24
264206 25
264206 27
264206 46
264206 101
264206 117
264206 120
264206 178
264207 -310
264209 1
264209 18
264211 10
264211 34
264212 1
264213 -310
264214 20
264214 44
264214 87
264214 136
264214 193
264216 1
264216 17
264216 130
264216 186
264218 1
264218 9
264218 17
264218 41
264218 47
264218 52
264218 54
264218 64
264218 80
264218 81
264218 92
264218 112
264218 114
264218 122
264218 123
264218 126
264218 131
264218 140
264218 141
264218 145
264218 150
264218 152
264218 155
264218 157
264218 162
264218 163
264218 164
264219 10
264219 24
264219 25
264219 37
264219 39
264219 55
264219 56
264219 83
264219 93
264219 97
264219 101
264219 129
264219 138
264219 140
264219 141
264219 151
264219 152
264220 23
264221 22
264221 23
264221 45
264221 61
264221 70
264222 16
264223 4
264223 26
264223 29
264223 47
264223 49
264223 69
264223 74
264223 75
264223 95
264223 105
264223 114
264223 120
264223 127
264223 128
264223 134
264223 135
264223 156
264223 160
264223 181
264223 190
264223 195
264224 1
264224 13
264224 17
264224 32
264224 36
264224 38
264224 42
264224 45
264224 56
264224 59
264224 73
264224 74
264224 77
264224 84
264224 92
264224 108
264224 115
264224 119
264224 137
264224 139
264224 145
264224 155
264224 161
264224 163
264224 167
264224 170
264224 174
264224 179
264224 180
264224 183
264224 189
264224 191
264224 194
264224 195
264224 197
264225 1
264225 16
264225 21
264225 22
264225 25
264225 33
264225 35
264225 37
264225 43
264225 49
264225 55
264225 58
264226 1
264226 11
264226 16
264226 17
264226 19
264227 4
264227 10
264228 1
264228 5
264228 7
264228 13
264228 15
264228 19
264228 21
264228 31
264228 36
264228 37
264228 45
264228 53
264228 55
264228 58
264228 113
264228 121
264228 149
264228 159
264228 161
264228 162
264228 163
264228 167
264228 174
264228 178
264228 179
264228 181
264228 183
264229 2
264229 16
264229 28
264229 32
264229 50
264229 54
264229 74
264229 78
264229 81
264232 27
264232 32
264232 33
264232 36
264232 38
264233 15
264233 28
264233 29
264233 31
264233 39
264233 46
264233 47
264233 49
264233 55
264233 67
264233 72
264233 75
264233 100
264233 102
264233 108
264233 109
264233 115
264233 134
264233 140
264234 10
264234 22
264234 25
264234 51
264234 53
264234 87
264234 91
264234 103
264234 115
264234 140
264234 188
264235 35
264236 1
264236 39
264238 1
264238 45
264238 80
264238 148
264238 183
264239 36
264239 130
264241 1
264241 57
264241 64
264241 75
264241 103
264241 138
264241 170
264241 175
264243 183
264244 38
264244 39
264244 40
264244 41
264244 42
264244 43
264244 44
264244 45
264244 46
264244 47
264244 48
264244 49
264244 50
264244 51
264244 52
264244 53
264244 54
264244 55
264244 56
264244 57
264244 58
264244 59
264244 60
264244 61
264246 51
264246 69
264246 82
264246 116
264246 133
264246 151
264246 191
264247 18
264247 48
264247 96
264247 99
264247 100
264247 101
264247 102
264247 103
264247 104
264247 105
264247 107
264247 108
264247 112
264247 114
264247 115
264247 117
264247 118
264247 120
264247 121
264247 122
264247 123
264247 124
264247 125
264247 128
264247 129
264247 130
264248 -310
264249 1
264249 2
264249 7
264249 47
264249 178
264249 195
264251 14
264251 20
264251 66
264251 72
264251 73
264251 74
264251 75
264251 76
264251 77
264251 78
264251 79
264251 80
264251 81
264251 82
264251 83
264251 84
264251 85
264251 86
264251 87
264251 88
264251 89
264251 90
264251 91
264251 92
264251 93
264251 94
264251 95
264251 96
264251 97
264251 98
264251 99
264251 100
264251 101
264251 102
264251 103
264251 104
264251 105
264251 106
264251 107
264251 108
264251 109
264251 110
264251 111
264251 112
264251 113
264251 114
264251 115
264251 116
264251 117
264251 118
264251 119
264251 120
264251 121
264251 122
264251 123
264251 124
264251 125
264251 126
264251 127
264251 128
264251 129
264251 130
264251 131
264251 132
264251 133
264251 134
264251 135
264251 136
264251 137
264251 138
264251 139
264251 140
264251 141
264251 142
264251 143
264251 144
264251 145
264251 146
264251 147
264251 148
264251 149
264251 150
264251 151
264251 152
264251 153
264251 154
264251 155
264251 156
264251 157
264251 158
264251 159
264251 160
264251 161
264251 162
264251 163
264251 164
264251 165
264251 166
264251 167
264251 168
264251 169
264251 170
264251 171
264251 172
264251 173
264251 174
264251 175
264251 176
264251 177
264251 178
264251 179
264251 180
264251 181
264251 182
264251 183
264251 184
264251 185
264251 186
264251 187
264251 188
264251 189
264251 190
264251 191
264251 192
264251 193
264251 194
264251 195
264251 196
264251 197
264251 198
264251 199
264251 200
264252 38
264252 80
264252 85
264252 164
264253 15
264253 20
264253 98
264253 123
264253 154
264253 198
264254 55
264254 61
264254 70
264254 82
264254 116
264254 117
264254 118
264254 132
264254 134
264255 7
264255 29
264255 37
264255 48
264255 70
264255 99
264255 126
264257 1
264257 7
264257 8
264257 18
264257 21
264257 34
264257 132
264257 133
264258 1
264258 7
264258 10
264258 23
264258 76
264259 8
264259 11
264259 33
264259 41
264259 49
264259 51
264259 52
264259 77
264259 81
264259 82
264259 101
264259 125
264259 127
264259 133
264259 138
264259 153
264259 155
264259 158
264259 159
264259 161
264259 162
264259 163
264260 -310
264261 1
264261 4
264261 5
264261 7
264261 16
264261 26
264261 35
264261 39
264261 44
264263 1
264263 46
264263 48
264263 50
264263 56
264263 60
264263 68
264263 73
264263 80
264263 91
264263 93
264263 97
264263 98
264263 131
264263 140
264263 141
264263 142
264263 145
264263 147
264263 150
264263 161
264263 162
264263 166
264263 172
264263 173
264263 175
264263 179
264263 182
264263 192
264263 193
264263 196
264265 1
264265 17
264265 38
264265 41
264265 57
264266 1
264266 2
264266 13
264266 21
264266 28
264266 30
264267 1
264270 -310
264271 -310
264272 8
264272 12
264272 41
264272 47
264273 12
264274 11
264275 -310
264276 1
264276 3
264276 6
264277 -310
264279 -310
264281 28
264281 30
264281 36
264281 41
264281 43
264281 46
264281 47
264281 57
264281 58
264281 59
264281 60
264281 64
264281 70
264281 74
264281 77
264281 79
264281 81
264281 86
264281 87
264281 90
264281 94
264281 97
264281 107
264281 108
264281 111
264281 112
264287 4
264287 5
264287 6
264287 7
264287 9
264287 10
264288 2
264288 6
264288 7
264288 8
264288 14
264292 1
264292 3
264292 9
264292 10
264292 11
264292 13
264292 25
264293 2
264293 19
264293 20
264293 24
264293 34
264293 35
264293 39
264293 49
264293 52
264293 53
264293 56
264293 57
264293 59
264293 60
264293 63
264293 64
264293 67
264294 -310
264295 1
264295 4
264295 7
264295 8
264295 9
264295 10
264295 11
264295 16
264295 17
264295 18
264295 41
264295 64
264295 71
264295 83
264295 91
264295 97
264295 101
264295 125
264295 127
264295 146
264295 150
264295 151
264295 152
264295 153
264295 154
264295 170
264295 171
264295 176
264295 185
264295 190
264295 196
264295 198
264295 199
264295 200
264296 14
264296 17
264296 46
264296 50
264296 57
264296 59
264296 63
264296 64
264296 65
264296 85
264296 96
264296 101
264296 109
264296 124
264296 135
264296 161
264296 163
264296 164
264296 166
264296 178
264297 13
264297 19
264297 33
264297 48
264297 61
264297 143
264297 150
264297 151
264297 173
264297 175
264297 183
264298 46
264298 75
264298 94
264298 123
264298 158
264298 167
264298 168
264298 169
264300 1
264300 6
264300 67
264300 115
264300 122
264300 142
264301 1
264301 7
264301 21
264301 34
264301 61
264301 62
264301 63
264301 64
264301 65
264301 66
264303 -310
264304 1
264304 26
264304 27
264304 43
264304 52
264304 53
264304 65
264304 70
264304 74
264304 110
264304 118
264306 1
264306 4
264306 18
264306 29
264306 33
264306 46
264306 47
264306 79
264306 80
264306 81
264306 82
264306 86
264306 87
264306 88
264306 89
264306 90
264306 110
264306 111
264306 120
264306 123
264306 125
264306 128
264306 129
264306 130
264306 133
264307 18
264307 38
264307 42
264307 114
264307 184
264307 191
264308 24
264308 27
264308 40
264308 44
264308 94
264308 97
264308 100
264308 116
264308 117
264308 124
264308 163
264308 189
264308 192
264309 1
264309 25
264309 42
264309 46
264309 114
264309 145
264309 158
264309 166
264309 177
264310 19
264310 36
264310 39
264310 50
264311 32
264311 87
264311 93
264311 100
264311 155
264311 195
264312 3
264312 21
264312 27
264312 61
264312 67
264312 79
264312 123
264312 171
264312 172
264312 173
264313 7
264314 41
264314 57
264319 3
264319 31
264319 33
264319 46
264319 72
264319 152
264319 157
264319 170
264319 178
264319 179
264319 180
264319 181
264319 182
264319 183
264319 184
264319 185
264319 186
264319 187
264319 188
264319 189
264319 190
264319 191
264319 192
264319 193
264319 194
264319 195
264319 196
264319 197
264319 198
264319 199
264319 200
264320 10
264320 34
264320 105
264320 116
264321 5
264321 20
264321 33
264321 83
264321 85
264321 99
264321 110
264321 115
264321 118
264321 156
264322 1
264322 2
264322 89
264322 96
264322 102
264322 160
264322 179
264322 182
264322 184
264323 1
264323 21
264323 22
264323 36
264324 1
264325 1
264325 20
264325 41
264325 47
264325 49
264325 72
264325 85
264325 98
264325 154
264325 191
264325 197
264326 6
264326 57
264326 74
264326 81
264326 88
264326 95
264326 96
264326 101
264326 109
264326 136
264326 161
264326 167
264327 1
264327 21
264327 22
264327 23
264327 24
264327 25
264327 26
264327 27
264327 28
264327 29
264327 30
264327 31
264327 32
264327 33
264327 34
264327 35
264327 36
264327 37
264327 38
264327 39
264327 40
264327 41
264327 42
264327 43
264327 44
264327 45
264327 46
264327 47
264327 48
264327 49
264327 50
264328 1
264328 8
264328 11
264328 14
264328 19
264328 27
264328 44
264328 48
264328 51
264328 56
264328 69
264329 7
264329 14
264329 17
264329 23
264329 28
264329 31
264329 32
264329 43
264329 51
264329 59
264329 62
264329 64
264429 48
264429 64
264429 74
264429 107
264429 161
264429 197
264430 1
264430 25
264430 29
264430 44
264430 45
264430 49
264430 50
264430 54
264430 60
264430 61
264430 62
264432 1
264432 5
264433 1
264433 2
264433 3
264433 28
264433 34
264433 51
264433 79
264433 106
264433 113
264433 131
264433 170
264433 183
264433 190
264434 27
264434 30
264435 -310
264436 1
264436 8
264436 21
264436 31
264436 57
264436 60
264436 111
264436 113
264436 115
264436 116
264436 120
264436 121
264436 123
264436 125
264436 126
264436 127
264436 155
264436 157
264436 192
264437 1
264439 1
264439 8
264439 9
264439 10
264439 11
264439 12
264439 13
264439 14
264439 15
264439 16
264439 17
264439 18
264439 19
264439 20
264439 21
264439 22
264439 23
264439 25
264440 70
264440 80
264440 174
264440 180
264442 1
264442 4
264442 19
264442 44
264442 54
264442 120
264443 19
264443 69
264443 70
264443 71
264443 72
264443 73
264443 74
264443 75
264443 111
264446 1
264446 27
264446 28
264446 32
264446 38
264446 39
264446 40
264446 43
264446 45
264446 46
264446 47
264446 48
264446 50
264446 51
264446 52
264446 53
264446 54
264446 55
264446 57
264446 62
264446 63
264446 68
264446 72
264447 3
264447 9
264447 12
264447 14
264447 18
264447 20
264447 26
264447 56
264447 65
264447 122
264448 1
264448 16
264448 25
264448 63
264448 115
264448 152
264449 1
264449 43
264449 71
264449 164
264449 174
264450 30
264450 67
264450 72
264450 75
264450 79
264450 90
264450 91
264450 92
264450 96
264450 107
264450 114
264450 134
264451 9
264451 138
264453 18
264453 24
264453 37
264453 48
264453 72
264453 123
264453 129
264453 142
264454 4
264454 5
264454 7
264454 11
264454 13
264454 14
264454 16
264454 26
264454 31
264454 32
264454 34
264454 37
264454 38
264454 40
264454 44
264454 47
264454 50
264454 56
264454 58
264454 60
264454 61
264454 65
264454 121
264454 163
264455 2
264455 3
264455 4
264455 6
264455 7
264455 13
264455 39
264455 42
264455 45
264455 48
264455 49
264455 52
264455 62
264455 64
264455 65
264455 66
264455 67
264455 69
264455 73
264455 74
264455 75
264455 77
264455 80
264455 81
264455 82
264455 83
264455 85
264455 86
264455 87
264455 88
264455 91
264455 92
264455 93
264455 94
264455 99
264455 100
264455 101
264455 103
264455 110
264455 115
264455 117
264455 118
264455 119
264455 122
264455 123
264455 125
264455 133
264455 137
264455 140
264455 152
264455 155
264455 158
264455 160
264455 166
264455 167
264455 169
264455 177
264455 180
264455 182
264455 183
264455 193
264457 -310
264458 -310
264459 8
264459 11
264459 19
264459 42
264459 44
264459 56
264459 68
264459 73
264464 -310
264465 -310
264466 1
264466 3
264466 6
264466 7
264466 15
264466 16
264466 17
264466 18
264466 20
264466 21
264466 23
264466 25
264466 26
264466 28
264466 29
264466 30
264466 31
264466 32
264466 33
264466 35
264466 36
264466 37
264466 38
264466 39
264466 40
264466 41
264466 42
264466 43
264466 44
264466 46
264466 48
264466 49
264466 50
264466 52
264466 54
264466 55
264466 56
264466 57
264466 59
264466 60
264466 61
264466 62
264466 63
264466 64
264466 65
264466 66
264466 67
264466 68
264466 69
264466 71
264466 73
264466 75
264466 79
264466 80
264466 81
264466 83
264466 84
264466 85
264466 88
264466 90
264466 91
264466 92
264466 93
264466 94
264466 95
264466 96
264466 97
264466 98
264466 99
264466 100
264466 101
264466 104
264466 106
264466 107
264466 108
264466 109
264466 110
264466 111
264466 112
264466 113
264466 114
264466 115
264466 116
264466 117
264466 118
264466 119
264466 120
264466 121
264466 125
264466 126
264466 127
264466 128
264466 134
264466 139
264466 140
264466 141
264466 142
264466 143
264466 149
264466 150
264466 151
264466 152
264466 154
264466 156
264466 160
264466 161
264466 163
264466 172
264466 173
264466 174
264466 175
264466 176
264466 177
264466 178
264466 179
264466 181
264466 183
264466 187
264466 188
264466 191
264466 192
264466 194
264466 196
264466 197
264466 198
264466 200
264467 1
264467 2
264467 3
264467 5
264467 6
264467 7
264467 10
264467 12
264467 13
264467 16
264467 19
264467 23
264467 24
264467 26
264467 27
264467 28
264467 29
264467 30
264467 37
264467 40
264467 41
264467 42
264467 43
264467 44
264467 45
264467 46
264467 47
264467 48
264467 49
264467 50
264467 51
264467 52
264467 53
264467 54
264467 55
264467 56
264467 57
264467 58
264467 59
264467 60
264467 61
264467 62
264467 63
264467 64
264467 65
264467 66
264467 67
264467 68
264467 69
264467 70
264467 71
264467 72
264467 73
264467 74
264467 75
264467 76
264467 77
264467 78
264467 79
264467 80
264467 81
264467 82
264467 83
264467 84
264467 103
264467 150
264467 151
264470 17
264470 26
264472 11
264472 12
264472 40
264472 42
264473 6
264473 7
264473 19
264474 22
264474 27
264474 56
264475 -310
264476 17
264476 24
264476 38
264476 77
264476 85
264476 100
264478 -310
264481 20
264481 22
264481 23
264481 72
264481 119
264481 128
264482 157
264482 158
264482 190
264483 1
264483 15
264483 36
264483 80
264483 81
264483 82
264483 86
264483 88
264483 89
264483 92
264483 126
264483 136
264483 176
264483 190
264484 1
264484 27
264484 28
264484 32
264484 48
264484 72
264484 76
264484 84
264484 94
264484 113
264484 177
264484 180
264484 196
264485 1
264485 113
264485 114
264485 115
264485 116
264485 117
264485 118
264485 119
264485 120
264486 27
264486 42
264486 66
264486 70
264486 138
264486 139
264486 177
264486 200
264487 7
264487 9
264487 10
264487 11
264488 1
264488 33
264488 35
264488 37
264488 38
264488 39
264488 40
264488 93
264491 1
264491 30
264491 114
264491 129
264491 140
264491 143
264491 144
264491 150
264493 -310
264495 -310
264498 1
264498 11
264498 15
264499 -310
264500 -310
264501 -310
264502 32
264502 38
264502 40
264502 42
264502 44
264502 49
264502 52
264502 54
264502 59
264502 66
264502 78
264502 94
264502 118
264502 128
264502 195
264503 21
264503 101
264503 128
264503 183
264503 197
264504 22
264504 27
264504 33
264504 34
264504 35
264504 36
264504 37
264504 38
264504 39
264504 40
264504 41
264504 42
264504 43
264504 44
264504 45
264504 46
264504 47
264504 48
264504 49
264504 50
264504 51
264504 52
264504 53
264504 54
264504 55
264504 56
264504 57
264504 58
264504 59
264504 60
264504 61
264504 62
264504 63
264504 64
264504 65
264504 66
264504 67
264504 68
264504 69
264504 70
264504 71
264504 72
264504 73
264504 74
264504 75
264504 76
264504 77
264504 78
264504 79
264504 80
264504 82
264504 83
264504 93
264504 94
264504 95
264504 96
264504 97
264504 98
264504 99
264504 100
264504 101
264504 102
264504 103
264504 104
264504 105
264504 106
264505 1
264505 2
264505 3
264505 4
264505 5
264505 6
264505 7
264505 8
264505 9
264505 10
264505 11
264505 12
264505 13
264505 14
264505 15
264505 16
264505 17
264505 18
264505 19
264505 20
264505 21
264505 23
264505 90
264505 138
264505 159
264505 186
264506 1
264506 46
264506 68
264506 81
264508 1
264508 9
264508 24
264508 30
264508 32
264509 2
264510 -310
264511 1
264511 52
264513 -310
264514 1
264514 2
264514 3
264514 4
264514 5
264514 6
264514 7
264514 24
264514 38
264514 72
264514 132
264514 177
264514 178
264514 179
264514 180
264514 181
264514 182
264514 183
264514 184
264514 185
264514 186
264514 187
264514 188
264514 189
264514 190
264514 191
264514 192
264514 193
264514 194
264514 195
264514 196
264514 197
264514 198
264514 199
264514 200
264515 -310
264516 4
264516 8
264516 51
264516 52
264516 53
264516 54
264516 55
264516 56
264516 57
264516 58
264516 59
264516 62
264516 63
264516 64
264519 114
264519 116
264519 130
264519 148
264519 150
264519 156
264521 -310
264522 20
264522 29
264522 55
264522 76
264522 90
264522 175
264523 18
264523 25
264523 113
264527 48
264527 54
264527 116
264527 119
264527 152
264527 200
264528 194
264529 76
264529 86
264530 98
264531 18
264531 27
264531 63
264531 112
264531 127
264531 128
264531 129
264531 131
264531 139
264531 146
264531 156
264531 171
264531 187
264532 1
264532 7
264533 1
264533 40
264533 122
264533 149
264534 132
264534 163
264534 199
264535 1
264535 42
264535 43
264538 1
264538 46
264538 152
264538 161
264540 1
264540 20
264540 29
264540 35
264540 37
264540 65
264540 79
264540 135
264540 151
264541 26
264541 32
264541 60
264541 99
264541 122
264541 129
264541 170
264542 1
264542 24
264542 141
264542 147
264543 1
264543 40
264543 78
264543 152
264543 166
264544 35
264544 45
264544 70
264544 80
264545 1
264545 122
264545 139
264546 1
264546 11
264547 24
264547 25
264547 27
264548 21
264548 49
264548 50
264548 51
264548 52
264548 53
264548 54
264548 55
264548 56
264549 -310
264551 1
264551 22
264551 135
264551 138
264551 163
264551 183
264553 1
264553 31
264553 48
264553 54
264553 56
264553 60
264553 78
264554 11
264554 30
264554 33
264554 43
264554 55
264554 86
264554 87
264554 88
264554 89
264554 90
264555 1
264555 15
264555 40
264555 46
264555 84
264555 197
264556 101
264556 111
264556 129
264557 187
264557 196
264557 197
264557 198
264557 199
264557 200
264558 -310
264560 -310
264561 -310
264208 -310
264210 -310
264215 -310
264305 -310
264330 -310
264441 -310
264489 -310
264517 -310
264518 -310
264520 -310
264539 -310
264559 -310
