259363 1
259363 3
259363 9
259363 13
259363 17
259363 20
259363 22
259363 23
259363 24
259363 29
259363 30
259363 47
259363 82
259363 108
259363 150
259363 151
259363 180
259363 183
259363 188
259363 189
259363 190
259363 195
259364 1
259364 3
259364 5
259365 1
259365 9
259365 54
259365 56
259365 62
259365 63
259365 64
259365 67
259365 68
259365 70
259365 72
259366 8
259366 13
259366 17
259366 18
259366 24
259366 27
259367 -310
259368 1
259368 4
259368 27
259368 29
259369 -310
259370 -310
259371 -310
259374 1
259374 2
259374 3
259374 4
259374 6
259374 7
259374 8
259374 9
259374 11
259374 16
259374 20
259374 21
259374 23
259374 34
259374 35
259375 -310
259377 -310
259378 4
259378 50
259378 51
259378 55
259379 -310
259383 16
259383 34
259383 62
259384 -310
259386 25
259386 37
259386 54
259387 -310
259388 -310
259389 -310
259390 1
259390 8
259390 13
259390 15
259390 21
259390 23
259391 -310
259392 1
259392 21
259392 54
259392 55
259392 56
259393 -310
259395 -310
259396 33
259398 -310
259399 49
259401 1
259401 54
259401 60
259401 111
259401 198
259402 20
259402 76
259402 127
259402 147
259402 150
259402 165
259500 -310
259501 22
259501 76
259501 124
259501 131
259501 132
259501 165
259501 169
259501 170
259501 171
259501 172
259501 173
259501 174
259501 175
259501 176
259501 177
259501 178
259501 179
259501 180
259501 182
259501 184
259501 185
259501 186
259501 187
259501 188
259501 190
259501 191
259501 192
259501 194
259501 195
259501 196
259501 197
259505 -310
259508 -310
259510 1
259510 6
259510 10
259511 -310
259512 2
259512 3
259512 5
259512 9
259512 14
259512 33
259512 38
259512 47
259515 -310
259517 1
259517 18
259517 22
259517 23
259517 26
259517 44
259517 52
259517 54
259518 17
259518 27
259518 30
259518 39
259518 46
259518 62
259518 69
259518 71
259518 72
259518 73
259518 74
259518 75
259518 76
259518 79
259518 80
259518 82
259518 83
259518 97
259518 105
259518 106
259518 110
259518 123
259518 149
259518 152
259518 189
259518 200
259520 8
259520 10
259521 56
259521 70
259521 84
259521 85
259522 -310
259523 -310
259524 1
259524 12
259524 54
259528 1
259528 36
259528 50
259528 74
259528 75
259528 76
259528 77
259528 78
259528 79
259528 80
259528 81
259528 82
259528 83
259528 84
259528 85
259528 86
259528 87
259528 88
259528 89
259529 -310
259530 -310
259532 -310
259533 -310
259534 -310
259535 -310
259536 -310
259537 -310
259538 -310
259545 -310
259546 -310
259548 -310
259552 -310
259554 -310
259555 -310
259556 -310
259560 -310
259562 -310
259563 -310
259566 -310
259567 -310
259571 -310
259573 -310
259576 1
259576 7
259576 29
259576 70
259576 78
259576 103
259576 104
259576 116
259576 123
259576 127
259576 142
259576 153
259578 1
259578 10
259578 14
259578 25
259578 26
259578 27
259578 28
259578 29
259578 30
259578 32
259578 33
259578 37
259578 42
259579 6
259579 30
259579 34
259579 40
259579 50
259579 54
259579 58
259579 59
259579 64
259579 68
259579 91
259579 109
259579 111
259579 112
259579 122
259581 20
259581 38
259581 42
259581 54
259581 75
259582 17
259583 1
259585 1
259585 37
259585 43
259585 57
259588 10
259590 -310
259591 -310
259597 1
259598 1
259599 1
259599 18
259603 56
259603 96
259603 136
259603 152
259603 169
259604 5
259604 6
259604 7
259604 8
259605 54
259605 55
259605 56
259605 57
259605 100
259605 176
259607 -310
259608 -310
259609 30
259609 47
259609 197
259610 -310
259611 1
259611 40
259611 44
259611 50
259611 61
259611 62
259611 63
259611 64
259611 65
259611 67
259611 128
259611 183
259611 197
259612 5
259612 9
259612 15
259612 23
259612 25
259612 31
259612 37
259612 38
259612 39
259612 41
259612 44
259612 66
259612 83
259612 89
259612 92
259612 94
259612 96
259612 99
259612 104
259612 116
259612 119
259612 122
259612 130
259612 133
259612 157
259612 165
259612 186
259612 195
259613 38
259618 1
259618 22
259618 47
259618 56
259618 64
259618 95
259618 103
259618 123
259618 124
259618 133
259618 176
259618 188
259618 196
259619 1
259619 4
259619 5
259619 23
259619 94
259619 104
259620 1
259620 5
259620 43
259620 51
259620 75
259620 87
259620 89
259620 91
259620 92
259620 93
259620 101
259620 131
259620 175
259620 193
259621 72
259623 42
259623 45
259623 47
259623 51
259624 1
259624 15
259624 19
259625 -310
259626 1
259626 10
259627 1
259627 10
259627 13
259636 8
259636 34
259636 46
259636 60
259636 73
259636 120
259636 179
259636 185
259637 -310
259638 1
259638 80
259638 90
259638 161
259638 167
259638 191
259641 19
259641 48
259641 77
259641 117
259642 1
259642 9
259644 -310
259645 -310
259646 -310
259647 85
259647 118
259647 138
259647 145
259647 154
259648 1
259648 52
259648 56
259648 60
259648 70
259648 79
259648 87
259648 127
259648 195
259648 198
259649 66
259649 130
259649 132
259649 170
259650 1
259650 14
259650 49
259650 65
259650 70
259650 111
259651 1
259651 4
259657 10
259657 13
259657 18
259657 20
259657 21
259657 23
259657 24
259659 -310
259660 -310
259661 13
259661 15
259661 20
259661 33
259661 44
259661 45
259661 46
259661 52
259662 1
259662 17
259662 21
259662 23
259662 43
259662 47
259662 60
259662 75
259662 87
259662 88
259662 96
259662 99
259662 101
259662 103
259662 104
259662 112
259662 124
259662 126
259662 129
259662 131
259662 135
259662 140
259662 162
259662 169
259664 1
259664 32
259664 38
259664 87
259664 88
259664 89
259664 90
259664 91
259664 93
259664 98
259664 99
259664 100
259664 103
259664 105
259664 111
259664 112
259664 113
259664 114
259664 115
259664 116
259664 117
259664 121
259664 128
259664 153
259664 166
259664 168
259664 191
259665 105
259665 132
259665 149
259665 195
259665 199
259665 200
259666 1
259666 3
259666 4
259666 8
259666 10
259666 11
259666 12
259666 14
259666 55
259666 60
259666 64
259666 115
259666 119
259666 121
259666 138
259666 150
259666 151
259666 152
259668 -310
259669 1
259669 10
259669 14
259669 68
259669 93
259669 102
259669 111
259669 138
259669 143
259669 163
259669 195
259670 14
259670 54
259670 89
259670 107
259670 115
259670 131
259670 133
259670 136
259670 137
259670 139
259670 146
259672 1
259672 2
259672 43
259672 53
259672 97
259672 126
259672 134
259672 149
259672 178
259673 81
259673 98
259673 141
259673 189
259674 1
259674 5
259674 14
259674 29
259674 36
259674 42
259674 59
259674 94
259674 96
259674 101
259674 106
259674 113
259674 149
259674 166
259674 169
259674 184
259674 186
259674 197
259674 200
259675 1
259675 6
259675 19
259675 22
259675 32
259675 40
259675 65
259675 87
259675 90
259675 104
259675 106
259675 122
259675 128
259675 135
259675 150
259675 160
259675 165
259675 176
259675 177
259675 178
259675 179
259675 180
259675 181
259675 182
259675 183
259675 184
259675 185
259675 186
259675 187
259675 188
259675 189
259675 190
259675 191
259675 192
259675 193
259675 194
259676 -310
259677 18
259677 105
259744 1
259744 10
259744 25
259744 26
259744 31
259744 34
259744 36
259744 96
259744 104
259744 107
259744 108
259744 115
259744 117
259744 127
259744 129
259744 131
259744 134
259744 138
259744 141
259744 142
259744 143
259744 145
259744 150
259744 170
259745 17
259745 46
259745 90
259746 12
259746 16
259746 30
259746 44
259746 73
259746 76
259746 78
259746 103
259746 106
259746 118
259746 151
259746 163
259746 165
259746 166
259746 172
259749 1
259749 55
259749 67
259749 69
259749 70
259749 73
259749 102
259749 142
259749 144
259749 149
259749 154
259749 162
259749 193
259750 2
259750 34
259798 1
259798 22
259798 90
259798 104
259798 125
259798 137
259798 142
259798 159
259799 1
259799 29
259799 62
259799 78
259799 93
259799 94
259799 95
259799 98
259799 99
259799 102
259799 103
259799 104
259799 105
259802 1
259802 16
259802 18
259802 92
259802 130
259803 -310
259804 -310
259805 -310
259806 1
259806 21
259806 22
259806 23
259806 24
259806 25
259806 26
259806 27
259806 28
259806 30
259806 31
259806 32
259806 33
259806 34
259806 35
259806 36
259806 37
259806 38
259806 39
259806 40
259806 41
259806 42
259806 43
259806 44
259806 45
259807 41
259807 122
259807 146
259807 147
259807 148
259807 149
259807 150
259807 151
259807 152
259807 153
259807 154
259807 155
259807 156
259807 157
259807 158
259807 159
259807 160
259807 161
259807 162
259807 163
259807 164
259807 165
259807 166
259807 167
259807 168
259807 169
259807 170
259807 171
259807 172
259807 173
259807 174
259807 175
259807 176
259807 177
259807 178
259807 179
259807 180
259807 181
259807 182
259807 183
259807 184
259807 185
259807 186
259807 187
259807 188
259807 189
259807 190
259807 191
259807 192
259807 193
259807 194
259807 195
259807 196
259807 197
259807 198
259807 199
259807 200
259808 1
259808 25
259808 52
259808 57
259808 76
259808 118
259808 126
259808 140
259808 156
259808 169
259808 172
259808 175
259808 182
259808 194
259808 197
259809 1
259809 123
259809 136
259809 149
259809 173
259810 17
259810 68
259810 71
259810 96
259810 98
259810 128
259810 153
259810 169
259810 194
259810 197
259811 1
259811 29
259811 114
259812 121
259813 1
259813 11
259813 43
259813 150
259813 154
259813 156
259813 157
259813 159
259813 161
259813 162
259813 165
259813 166
259813 170
259813 171
259813 175
259813 179
259813 180
259813 183
259813 184
259813 186
259813 187
259813 188
259813 190
259813 191
259813 192
259813 197
259813 198
259815 5
259815 6
259815 7
259815 8
259815 9
259815 10
259815 11
259815 13
259815 14
259815 15
259815 16
259815 17
259815 18
259815 20
259815 21
259815 23
259815 24
259815 25
259815 26
259815 28
259815 29
259815 30
259815 32
259815 33
259815 35
259815 40
259815 42
259815 43
259815 45
259815 48
259815 50
259815 51
259815 52
259815 53
259815 54
259815 56
259815 57
259815 58
259815 59
259815 60
259815 61
259815 62
259815 63
259815 64
259815 66
259815 67
259815 70
259815 71
259815 72
259815 74
259815 76
259815 77
259815 79
259815 80
259815 84
259815 87
259815 101
259815 107
259815 124
259816 26
259816 28
259816 44
259816 45
259816 46
259816 47
259816 48
259816 49
259816 50
259816 51
259816 52
259816 53
259816 54
259816 55
259816 56
259816 57
259816 58
259816 59
259816 60
259816 61
259816 62
259816 63
259816 64
259816 65
259816 66
259816 67
259816 68
259836 35
259836 40
259836 42
259836 44
259836 46
259836 49
259836 51
259836 52
259836 53
259836 56
259836 57
259836 58
259836 59
259836 60
259836 61
259836 62
259836 63
259836 64
259836 65
259836 66
259836 67
259836 68
259836 69
259836 70
259836 71
259836 72
259836 73
259836 74
259836 75
259836 76
259836 77
259836 78
259838 52
259838 71
259838 114
259838 158
259838 170
259839 27
259839 33
259839 40
259839 49
259839 59
259839 64
259839 90
259839 91
259839 109
259839 110
259857 1
259857 25
259857 49
259857 50
259857 51
259857 52
259857 53
259857 54
259858 55
259858 107
259858 138
259859 5
259859 11
259859 29
259861 30
259861 83
259861 87
259861 199
259863 1
259863 2
259863 10
259863 41
259863 48
259863 49
259863 80
259864 6
259864 83
259864 84
259864 104
259864 105
259864 129
259864 154
259864 195
259865 80
259865 105
259865 108
259866 1
259866 70
259870 1
259870 3
259870 4
259870 5
259870 8
259870 10
259870 51
259870 79
259870 163
259870 176
259871 16
259871 17
259871 18
259871 19
259871 20
259871 21
259871 22
259871 23
259871 30
259871 31
259871 38
259871 39
259871 40
259871 41
259871 42
259871 43
259871 44
259871 45
259871 46
259871 48
259872 69
259872 75
259872 81
259872 82
259872 83
259872 84
259872 85
259872 86
259872 87
259872 88
259872 89
259872 90
259872 91
259872 92
259872 93
259872 94
259872 95
259872 96
259872 97
259872 98
259872 99
259872 100
259872 101
259872 102
259872 103
259872 104
259872 105
259872 106
259872 107
259873 37
259874 4
259874 5
259874 42
259874 143
259874 163
259875 1
259875 13
259879 24
259879 61
259879 98
259879 115
259879 119
259879 133
259879 151
259879 152
259879 178
259880 34
259880 84
259880 107
259880 118
259880 119
259880 151
259880 159
259880 161
259882 11
259882 13
259882 14
259882 35
259882 36
259883 6
259883 10
259884 42
259884 107
259884 155
259884 197
259885 17
259885 68
259885 81
259885 87
259885 100
259885 104
259885 124
259885 128
259885 190
259886 8
259886 20
259886 32
259886 44
259886 48
259886 51
259886 76
259886 96
259886 97
259886 126
259886 157
259886 174
259886 177
259886 180
259887 49
259887 84
259887 87
259887 117
259887 131
259887 139
259887 143
259887 148
259887 154
259887 158
259887 180
259888 24
259888 69
259888 70
259888 79
259888 95
259888 96
259888 129
259888 177
259888 193
259889 40
259889 51
259889 58
259889 67
259889 78
259889 79
259889 164
259890 107
259890 108
259890 124
259890 125
259890 127
259890 134
259890 140
259890 143
259890 148
259890 155
259890 157
259890 158
259890 187
259891 7
259892 171
259892 174
259892 187
259894 2
259894 9
259894 10
259894 18
259894 36
259894 76
259894 90
259894 123
259894 127
259894 158
259894 174
259894 191
259894 196
259894 198
259897 -310
259898 16
259898 28
259899 29
259899 54
259899 65
259899 79
259899 144
259899 170
259900 84
259900 133
259900 152
259900 159
259900 169
259900 170
259900 171
259900 172
259900 173
259900 174
259900 175
259900 177
259900 178
259900 190
259901 78
259901 79
259901 80
259901 81
259901 82
259901 83
259901 84
259901 85
259901 86
259901 90
259901 91
259901 92
259901 93
259901 94
259901 95
259901 96
259901 97
259901 98
259901 99
259901 100
259901 101
259901 102
259901 103
259901 104
259901 105
259901 106
259902 58
259903 37
259903 69
259903 110
259903 119
259903 135
259903 149
259903 185
259904 44
259904 64
259904 74
259904 91
259904 105
259904 133
259904 173
259907 1
259907 28
259907 35
259907 36
259907 37
259907 38
259907 39
259907 40
259907 41
259907 42
259907 43
259907 44
259908 1
259908 2
259908 3
259908 6
259908 9
259908 35
259908 37
259908 44
259908 62
259908 98
259908 134
259908 155
259908 175
259908 180
259908 193
259909 18
259909 22
259909 124
259910 14
259910 69
259910 71
259910 139
259910 151
259910 191
259911 47
259911 59
259911 114
259911 125
259911 167
259912 12
259912 82
259912 105
259912 153
259912 156
259912 198
259912 199
259912 200
259913 1
259913 2
259913 3
259913 4
259913 5
259913 6
259913 7
259913 8
259913 9
259913 10
259913 11
259913 12
259913 13
259913 14
259913 15
259913 16
259913 17
259913 18
259913 19
259913 20
259913 21
259913 22
259913 23
259913 24
259913 25
259913 26
259913 27
259913 28
259913 29
259913 30
259913 31
259913 32
259913 33
259913 34
259913 35
259913 36
259913 37
259913 38
259913 39
259913 40
259913 41
259913 42
259913 43
259913 44
259913 45
259913 46
259913 47
259913 48
259913 49
259913 50
259913 51
259913 52
259913 53
259913 54
259913 55
259913 56
259913 57
259913 58
259913 59
259913 60
259913 61
259913 62
259913 63
259913 64
259913 65
259913 66
259913 67
259913 68
259913 69
259913 70
259913 71
259913 72
259913 73
259913 74
259913 75
259913 76
259913 77
259913 78
259913 79
259913 80
259913 81
259913 82
259913 83
259913 84
259913 85
259913 86
259913 87
259913 88
259913 133
259913 144
259913 149
259913 152
259914 156
259914 157
259924 3
259924 14
259924 24
259924 35
259924 70
259924 94
259924 109
259924 157
259924 174
259924 192
259924 200
259926 2
259926 7
259926 25
259926 48
259926 77
259926 78
259926 79
259926 90
259926 91
259926 107
259927 95
259927 112
259927 119
259927 121
259927 179
259929 1
259929 21
259929 120
259929 146
259929 153
259929 172
259930 1
259930 92
259930 94
259930 102
259930 152
259931 84
259931 108
259934 18
259934 28
259934 56
259934 64
259934 104
259934 108
259934 116
259934 128
259934 133
259934 149
259934 150
259934 154
259934 169
259935 46
259935 150
259935 196
259936 23
259936 76
259936 97
259936 106
259936 150
259936 166
259936 194
259937 110
259940 28
259940 45
259940 48
259940 54
259940 55
259941 -310
259942 1
259942 6
259942 10
259942 30
259942 48
259942 78
259942 109
259942 117
259942 130
259942 143
259942 185
259943 1
259943 40
259944 1
259944 3
259945 36
259945 38
259946 1
259947 9
259947 10
259947 17
259949 -310
259950 -310
259952 1
259952 33
259952 35
259952 66
259952 100
259954 12
259954 13
259954 14
259954 15
259954 16
259954 17
259954 18
259954 19
259954 20
259954 21
259954 22
259954 23
259954 24
259954 43
259954 44
259957 9
259957 40
259957 42
259957 43
259957 48
259957 49
259957 50
259957 54
259957 56
259957 84
259957 123
259957 152
259957 154
259957 159
259957 162
259957 163
259957 164
259957 166
259957 168
259957 179
259957 180
259957 182
259957 185
259957 192
259961 -310
259962 1
259962 5
259962 9
259962 12
259962 29
259962 131
259963 1
259965 1
259965 81
259965 116
259965 140
259965 179
259965 182
259965 198
259966 1
259966 68
259966 89
259966 136
259966 144
259967 18
259967 56
259967 62
259967 142
259967 149
259967 179
259968 1
259968 17
259969 1
259969 6
259969 24
259969 31
259969 36
259969 58
259969 71
259969 103
259969 107
259969 116
259969 147
259969 157
259969 161
259969 168
259969 177
259969 181
259969 195
259970 11
259970 46
259970 47
259970 86
259970 99
259970 116
259970 122
259970 142
259970 146
259970 149
259970 170
259970 174
259970 179
259970 187
259970 188
259970 195
259971 11
259971 14
259971 36
259971 65
259971 92
259971 116
259971 123
259972 5
259972 26
259972 49
259972 69
259972 101
259972 102
259972 113
259972 116
259972 118
259972 123
259972 144
259972 179
259973 59
259973 98
259973 103
259973 105
259973 127
259973 135
259973 139
259973 151
259973 163
259973 169
259974 9
259974 51
259974 85
259974 93
259974 101
259974 122
259974 135
259974 138
259974 144
259974 181
259975 1
259975 5
259975 17
259975 27
259975 58
259975 128
259975 135
259975 158
259975 161
259975 166
259978 6
259978 7
259978 8
259978 9
259978 11
259978 12
259978 14
259978 15
259978 168
259978 179
259983 1
259983 4
259984 1
259984 28
259984 61
259984 64
259984 65
259984 66
259984 67
259984 68
259984 69
259984 70
259984 72
259984 73
259984 74
259984 75
259984 161
259984 184
259984 185
259984 186
259984 187
259984 188
259984 189
259984 190
259984 191
259984 192
259984 193
259984 194
259984 195
259984 196
259984 197
259984 198
259984 199
259984 200
259985 -310
259989 1
259989 2
259989 4
259989 7
259989 40
259989 131
259989 140
259989 141
259989 143
259989 148
259989 149
259989 150
259989 151
259989 153
259989 155
259989 156
259990 32
259990 86
259990 143
259990 169
260007 1
260007 9
260007 10
260007 11
260007 12
260007 14
260007 64
260007 71
260007 72
260007 73
260007 74
260007 75
260007 76
260007 77
260007 78
260007 79
260007 80
260007 81
260007 82
260007 83
260007 84
260007 91
260007 92
260007 93
260007 94
260007 95
260007 96
260007 97
260009 1
260009 2
260009 3
260009 4
260009 5
260009 6
260009 7
260009 8
260009 9
260009 10
260009 11
260009 12
260009 13
260009 19
260009 22
260009 23
260009 38
260009 39
260009 45
260009 46
260009 47
260009 49
260010 19
260010 136
260010 199
260011 1
260011 71
260011 105
260011 162
260011 165
260012 1
260012 8
260012 30
260012 49
260012 51
260012 54
260012 62
260012 73
260012 83
260013 24
260013 63
260013 180
260013 183
260014 162
260015 1
260015 7
260015 9
260015 34
260015 55
260015 56
260015 58
260015 91
260015 97
260015 100
260015 106
260015 112
260015 130
260015 154
260015 164
260015 181
260015 193
260015 199
260016 12
260016 15
260016 21
260016 45
260016 68
260016 80
260016 116
260016 125
260016 133
260016 135
260016 141
260016 150
260016 163
260016 173
260016 180
260016 181
260016 182
260016 183
260016 184
260016 198
260016 199
259381 -310
259382 -310
259385 -310
259394 -310
259397 -310
259400 -310
259519 -310
259881 -310
259938 -310
259980 -310
259981 -310
259525 -310
259526 -310
259541 -310
259542 -310
259784 -310
259785 -310
259904 -310
259910 -310
259967 -310
259975 -310
259603 -310
259402 -310
259520 -310
259936 -310
