260074 30
260074 67
260074 96
260074 97
260074 98
260075 1
260075 3
260075 4
260075 7
260075 9
260075 10
260075 28
260075 65
260075 95
260075 99
260075 100
260075 104
260075 120
260075 152
260075 175
260076 2
260076 27
260078 19
260078 71
260078 77
260078 95
260078 101
260078 103
260078 106
260079 4
260079 6
260079 8
260082 1
260082 48
260082 63
260082 130
260082 186
260082 187
260083 7
260083 110
260084 161
260085 -310
260086 19
260086 23
260086 24
260086 27
260086 39
260086 40
260086 41
260086 42
260086 43
260086 44
260086 45
260086 46
260086 47
260086 48
260086 49
260086 50
260086 51
260086 52
260086 53
260086 54
260086 55
260086 56
260088 1
260088 5
260088 6
260088 11
260088 13
260088 15
260088 20
260088 21
260088 22
260088 24
260088 25
260088 27
260088 30
260088 31
260088 34
260088 35
260088 36
260089 9
260089 19
260089 23
260089 30
260089 38
260089 41
260089 44
260089 59
260089 61
260089 62
260089 63
260089 64
260089 65
260089 66
260089 68
260089 69
260089 71
260089 74
260089 75
260089 76
260089 80
260089 82
260089 89
260089 96
260089 100
260089 107
260089 110
260089 111
260089 112
260089 118
260089 120
260089 122
260089 124
260089 126
260089 128
260089 140
260089 141
260089 145
260089 149
260089 153
260089 154
260089 155
260089 157
260089 161
260089 162
260089 163
260089 164
260089 170
260089 173
260089 176
260089 177
260089 185
260090 1
260090 19
260091 2
260091 19
260092 -310
260093 1
260093 2
260093 4
260093 5
260093 6
260093 8
260095 51
260095 55
260095 87
260095 99
260095 143
260095 173
260095 185
260095 195
260096 43
260096 44
260096 47
260096 58
260098 -310
260101 1
260102 1
260102 17
260102 21
260102 23
260102 24
260102 25
260102 26
260102 27
260102 28
260102 29
260102 30
260102 31
260103 2
260103 62
260103 80
260103 182
260103 183
260103 184
260103 185
260103 186
260103 187
260104 57
260104 87
260104 88
260104 89
260104 90
260104 92
260104 93
260104 94
260104 116
260104 117
260104 118
260104 119
260104 121
260104 122
260104 125
260104 126
260104 127
260104 128
260104 129
260104 130
260104 165
260104 179
260104 180
260104 181
260104 182
260104 183
260104 184
260104 185
260104 186
260104 187
260104 188
260104 189
260104 190
260104 191
260104 192
260104 193
260104 194
260104 195
260104 196
260104 197
260104 198
260104 199
260104 200
260106 1
260106 2
260106 3
260106 4
260106 5
260106 6
260106 7
260106 8
260106 9
260106 10
260106 11
260106 12
260106 13
260106 14
260106 15
260106 16
260106 17
260106 18
260106 19
260106 20
260106 44
260106 69
260107 1
260107 14
260107 15
260107 16
260107 17
260107 18
260107 19
260107 20
260107 21
260107 22
260110 1
260110 90
260110 155
260111 1
260111 72
260111 81
260111 126
260113 80
260113 88
260113 97
260113 98
260113 105
260113 110
260113 128
260113 129
260113 137
260114 5
260114 13
260114 14
260114 15
260114 16
260115 3
260115 11
260115 31
260115 104
260115 143
260115 144
260115 145
260115 146
260115 147
260115 148
260115 149
260115 150
260115 151
260115 152
260115 154
260115 155
260115 156
260115 157
260115 158
260116 44
260116 47
260116 48
260116 49
260116 50
260116 51
260116 52
260116 53
260116 54
260116 55
260116 166
260116 167
260116 168
260116 169
260116 170
260116 171
260116 172
260116 173
260116 174
260116 175
260116 176
260116 177
260116 178
260116 179
260116 180
260116 181
260116 182
260116 183
260116 184
260116 185
260116 186
260116 187
260116 188
260116 189
260116 190
260116 191
260116 192
260116 193
260116 194
260116 195
260116 196
260116 197
260116 198
260116 199
260116 200
260117 -310
260118 -310
260119 -310
260120 -310
260121 19
260121 20
260121 21
260121 22
260121 23
260121 55
260121 57
260121 58
260121 61
260121 82
260121 108
260121 133
260121 134
260121 135
260121 136
260121 137
260121 138
260121 139
260121 140
260121 141
260121 142
260121 143
260121 144
260121 145
260121 146
260121 147
260121 148
260121 149
260121 150
260121 151
260121 152
260121 153
260121 154
260121 155
260121 156
260121 157
260122 11
260122 12
260122 14
260122 15
260122 18
260122 19
260122 21
260122 22
260122 23
260122 26
260122 27
260122 30
260122 31
260122 33
260122 34
260122 39
260122 40
260122 41
260122 42
260122 43
260122 44
260122 54
260122 55
260122 56
260122 57
260122 61
260122 70
260122 75
260122 76
260122 78
260122 79
260122 80
260122 81
260122 82
260122 83
260122 84
260122 85
260122 91
260122 92
260122 99
260122 100
260122 101
260122 102
260122 106
260122 107
260122 109
260122 110
260122 111
260122 112
260122 113
260122 114
260122 115
260122 116
260122 117
260122 118
260122 119
260122 120
260122 121
260122 122
260122 123
260122 124
260122 125
260122 126
260122 127
260122 128
260122 129
260122 130
260122 131
260122 132
260122 133
260122 134
260122 135
260122 136
260122 137
260122 138
260122 139
260122 140
260122 141
260122 142
260122 143
260122 144
260122 145
260122 146
260122 147
260122 148
260122 149
260122 150
260122 151
260122 152
260122 153
260122 154
260122 155
260122 156
260122 157
260122 158
260122 159
260122 160
260122 161
260122 162
260122 163
260122 164
260122 165
260122 166
260122 167
260122 168
260122 169
260122 170
260122 171
260122 172
260122 173
260122 174
260122 175
260125 1
260125 2
260125 3
260125 4
260125 32
260125 33
260125 41
260125 42
260125 103
260125 104
260125 105
260125 106
260125 112
260125 113
260125 114
260125 117
260125 119
260125 121
260125 129
260125 130
260125 131
260125 132
260125 133
260125 134
260125 135
260125 136
260125 137
260125 138
260125 139
260125 140
260125 141
260125 142
260125 143
260125 144
260125 162
260126 1
260126 36
260126 39
260126 40
260126 42
260126 44
260126 45
260126 115
260126 155
260126 161
260126 194
260126 197
260127 18
260127 21
260127 22
260127 23
260127 24
260127 26
260129 1
260129 9
260129 27
260129 70
260129 165
260129 200
260130 -310
260131 6
260131 11
260133 1
260133 14
260133 43
260133 54
260133 71
260133 72
260133 73
260133 80
260133 81
260133 82
260133 83
260133 84
260133 85
260133 89
260133 90
260133 91
260133 92
260133 93
260133 96
260133 97
260133 98
260133 99
260133 118
260133 124
260133 132
260133 145
260133 168
260133 172
260133 173
260133 174
260133 175
260133 176
260133 177
260133 178
260133 179
260133 180
260133 181
260133 182
260133 183
260133 184
260133 185
260133 186
260133 187
260133 188
260133 189
260133 190
260133 191
260133 192
260133 193
260133 194
260133 195
260133 196
260133 197
260133 198
260133 199
260133 200
260134 1
260134 15
260136 120
260136 200
260137 8
260137 20
260137 23
260137 32
260137 34
260137 35
260137 36
260137 37
260137 38
260137 42
260137 43
260139 12
260139 13
260139 16
260139 22
260139 26
260139 28
260139 42
260140 -310
260141 1
260141 5
260141 6
260141 14
260141 15
260141 19
260141 35
260141 37
260141 49
260141 54
260141 57
260141 152
260141 185
260141 186
260141 197
260142 1
260142 25
260142 44
260142 56
260142 57
260142 58
260142 59
260142 60
260142 63
260142 64
260142 103
260142 133
260142 155
260143 83
260143 84
260143 85
260143 86
260143 87
260143 88
260143 89
260143 90
260145 -310
260146 -310
260153 -310
260154 1
260154 6
260154 11
260155 20
260155 25
260155 30
260155 32
260155 33
260155 36
260155 37
260155 73
260155 74
260155 75
260155 88
260155 90
260155 96
260155 99
260155 121
260155 122
260155 124
260155 138
260155 140
260155 146
260155 148
260155 151
260155 152
260155 157
260155 161
260155 162
260155 163
260155 164
260155 165
260155 166
260155 167
260155 168
260155 169
260155 170
260155 171
260155 172
260155 173
260155 174
260155 175
260155 176
260155 177
260155 178
260155 179
260155 180
260155 181
260155 187
260156 1
260156 14
260156 22
260156 24
260156 30
260156 43
260156 56
260156 57
260156 76
260156 81
260156 90
260156 155
260157 1
260157 31
260157 32
260157 33
260157 34
260157 37
260157 38
260157 51
260158 1
260158 52
260158 53
260158 62
260158 70
260158 71
260158 72
260158 73
260158 74
260158 75
260158 76
260158 85
260158 91
260158 101
260158 117
260158 147
260158 156
260158 158
260158 169
260158 174
260158 175
260158 178
260158 179
260158 181
260158 182
260158 184
260158 185
260158 189
260159 3
260159 4
260159 15
260159 44
260159 46
260159 47
260159 50
260159 52
260159 53
260159 54
260159 56
260159 58
260159 60
260159 61
260159 63
260159 64
260159 65
260159 66
260159 68
260159 69
260159 76
260159 78
260159 80
260159 82
260159 85
260159 86
260159 87
260159 89
260159 90
260159 93
260159 147
260159 157
260160 -310
260161 1
260161 7
260161 17
260161 37
260161 59
260161 83
260161 103
260161 115
260161 131
260161 135
260161 143
260161 155
260161 174
260161 180
260161 199
260161 200
260162 12
260162 18
260162 24
260162 31
260162 56
260162 60
260162 91
260162 92
260162 104
260162 106
260162 110
260162 111
260162 113
260162 114
260162 117
260162 118
260162 120
260162 121
260162 123
260162 124
260162 125
260162 126
260162 128
260162 129
260162 130
260162 131
260162 132
260162 133
260162 135
260162 136
260162 138
260162 139
260162 153
260162 162
260162 167
260162 176
260162 178
260163 1
260163 8
260163 22
260163 35
260163 36
260163 37
260163 38
260163 39
260163 40
260163 42
260163 43
260163 44
260163 45
260163 46
260163 47
260163 48
260163 49
260163 50
260163 51
260163 52
260163 53
260163 54
260163 55
260163 56
260163 57
260163 58
260163 59
260163 60
260163 61
260163 62
260163 63
260165 1
260165 2
260165 3
260165 4
260165 7
260165 8
260165 32
260165 43
260165 44
260165 47
260165 48
260165 52
260165 53
260165 54
260165 69
260165 72
260165 96
260165 97
260165 99
260165 100
260165 104
260165 105
260165 106
260165 107
260165 108
260165 109
260165 110
260165 111
260165 112
260165 113
260165 114
260165 115
260165 116
260165 117
260165 118
260165 119
260165 120
260165 121
260165 122
260165 123
260165 124
260165 125
260165 126
260165 127
260165 128
260165 129
260165 130
260165 131
260165 132
260165 133
260165 134
260165 135
260165 136
260165 137
260165 138
260165 139
260165 140
260165 141
260165 142
260165 143
260165 144
260165 145
260165 146
260165 147
260165 148
260165 149
260165 150
260165 151
260165 152
260165 153
260165 154
260165 155
260165 156
260165 157
260165 158
260165 159
260165 160
260165 161
260165 162
260165 163
260165 164
260165 165
260165 166
260165 167
260165 168
260165 169
260165 170
260165 171
260165 172
260165 173
260165 174
260165 175
260165 176
260165 177
260165 178
260165 179
260165 180
260165 181
260165 182
260165 183
260165 184
260165 185
260165 186
260165 187
260165 188
260165 189
260165 190
260165 191
260165 192
260165 193
260165 194
260165 195
260165 196
260165 197
260165 198
260165 199
260165 200
260166 -310
260167 1
260167 3
260167 4
260167 8
260167 9
260167 10
260168 1
260168 23
260168 24
260168 30
260168 32
260168 34
260168 35
260168 37
260168 38
260169 1
260169 2
260169 4
260169 6
260169 9
260169 22
260169 40
260169 46
260169 54
260169 59
260169 60
260169 62
260169 69
260169 79
260169 82
260169 108
260169 120
260169 122
260169 126
260169 127
260169 128
260169 134
260169 139
260169 140
260169 144
260169 146
260169 147
260169 148
260169 156
260169 166
260169 172
260169 174
260169 180
260169 181
260169 183
260169 184
260169 185
260169 187
260169 188
260169 190
260169 192
260169 193
260169 195
260169 196
260169 197
260169 198
260169 199
260169 200
260170 1
260170 2
260170 3
260170 4
260170 9
260170 10
260170 11
260170 12
260170 27
260170 41
260170 42
260170 46
260170 49
260170 93
260170 105
260170 107
260170 110
260170 111
260170 112
260170 113
260170 114
260170 115
260170 116
260170 117
260170 120
260170 121
260170 122
260170 123
260170 124
260170 125
260170 126
260170 127
260170 128
260170 129
260170 130
260170 131
260170 132
260170 133
260170 134
260170 135
260170 138
260170 139
260170 140
260170 141
260170 144
260170 145
260170 146
260170 149
260170 150
260170 151
260170 152
260170 154
260170 155
260170 156
260170 157
260170 158
260170 159
260170 160
260170 161
260170 165
260170 166
260170 167
260170 168
260170 169
260170 170
260170 171
260170 172
260170 173
260170 174
260170 175
260170 176
260170 178
260170 179
260170 181
260170 182
260170 183
260170 184
260170 185
260170 186
260170 188
260170 189
260170 190
260170 191
260170 192
260170 193
260170 194
260170 195
260170 196
260170 197
260170 199
260170 200
260171 -310
260172 -310
260173 1
260173 2
260173 3
260173 4
260173 5
260173 6
260173 7
260173 8
260173 9
260173 10
260173 11
260173 24
260173 30
260173 44
260173 85
260173 111
260173 120
260173 121
260173 127
260173 128
260173 130
260173 133
260173 134
260173 147
260173 190
260174 34
260175 9
260175 11
260175 12
260175 13
260175 16
260175 17
260175 18
260175 19
260175 20
260175 21
260175 22
260175 23
260175 24
260175 25
260175 26
260175 27
260175 29
260175 30
260175 32
260175 33
260175 34
260175 37
260175 38
260176 4
260176 5
260176 6
260176 7
260176 8
260176 9
260176 11
260176 12
260176 14
260176 15
260176 16
260176 21
260176 23
260176 31
260176 33
260176 34
260176 40
260176 47
260176 54
260176 62
260176 63
260176 129
260176 136
260176 176
260176 177
260177 1
260177 11
260177 50
260177 54
260177 56
260177 57
260177 63
260177 70
260177 81
260177 86
260177 89
260177 96
260177 108
260177 111
260177 119
260177 122
260177 130
260177 148
260177 154
260177 158
260177 164
260177 167
260177 170
260177 192
260177 198
260178 1
260178 2
260178 13
260178 18
260178 22
260178 30
260179 6
260179 13
260179 15
260179 18
260179 24
260179 25
260179 28
260179 29
260179 30
260179 33
260179 50
260179 54
260179 62
260179 63
260179 64
260179 74
260179 75
260179 76
260179 77
260179 86
260179 91
260179 92
260179 99
260179 110
260179 117
260179 121
260179 132
260179 147
260179 148
260179 163
260179 172
260179 187
260179 189
260179 198
260179 200
260180 12
260180 13
260180 16
260180 30
260180 32
260180 41
260180 42
260180 44
260180 45
260180 46
260180 48
260180 50
260180 60
260180 68
260180 69
260180 79
260180 83
260180 92
260180 93
260180 95
260180 97
260180 101
260180 104
260180 111
260180 113
260180 114
260180 128
260180 187
260181 1
260181 2
260181 5
260181 9
260181 11
260181 19
260181 21
260182 1
260182 5
260182 40
260182 41
260182 42
260182 43
260182 52
260182 109
260182 111
260182 155
260183 1
260183 2
260183 37
260183 45
260183 54
260183 55
260183 56
260183 57
260183 92
260183 118
260183 119
260183 120
260183 121
260183 122
260183 123
260183 124
260183 125
260183 126
260183 127
260183 128
260183 129
260183 130
260183 131
260183 132
260183 175
260184 5
260184 6
260184 7
260184 8
260184 9
260184 10
260184 11
260184 17
260185 -310
260187 17
260187 20
260187 23
260187 26
260187 29
260187 31
260187 37
260187 46
260187 51
260187 57
260187 61
260187 68
260187 86
260187 90
260187 94
260187 95
260187 96
260187 112
260187 116
260187 117
260187 118
260187 119
260187 120
260187 122
260187 124
260187 125
260187 160
260187 174
260187 177
260188 1
260188 173
260188 185
260188 195
260189 1
260189 184
260190 -310
260194 1
260194 2
260194 4
260194 8
260194 16
260194 22
260194 23
260194 24
260194 25
260194 26
260194 27
260194 32
260194 35
260194 36
260194 37
260194 38
260194 39
260195 1
260195 2
260195 9
260195 13
260195 14
260195 22
260195 25
260195 32
260195 44
260195 49
260195 53
260195 56
260195 65
260195 66
260195 69
260195 70
260195 92
260195 109
260195 121
260195 122
260195 124
260195 126
260195 128
260195 137
260195 140
260195 144
260195 145
260195 150
260195 151
260195 152
260195 153
260195 154
260195 155
260195 156
260195 157
260195 158
260195 159
260195 160
260195 161
260195 162
260195 163
260195 164
260195 165
260195 166
260195 170
260195 171
260195 172
260195 174
260195 175
260195 176
260195 177
260195 178
260195 179
260195 180
260195 181
260195 182
260195 183
260195 184
260195 185
260195 186
260195 187
260195 188
260195 189
260195 190
260195 191
260195 192
260195 193
260195 194
260195 195
260195 196
260195 197
260195 198
260195 199
260195 200
260196 -310
260197 -310
260206 3
260206 4
260206 8
260206 10
260206 11
260206 12
260206 13
260206 14
260206 15
260206 16
260206 17
260206 19
260206 22
260206 23
260206 25
260206 27
260206 31
260206 40
260206 42
260206 46
260206 51
260206 54
260206 61
260206 71
260206 75
260206 76
260206 77
260206 78
260206 79
260206 81
260206 82
260206 83
260206 90
260206 93
260206 94
260206 95
260206 101
260206 102
260206 103
260206 104
260206 106
260206 107
260206 109
260206 110
260206 111
260206 112
260206 115
260206 116
260206 117
260206 118
260206 119
260206 120
260206 124
260206 126
260206 127
260206 128
260206 129
260206 131
260206 132
260206 133
260206 134
260206 138
260206 139
260206 140
260206 141
260206 142
260206 143
260206 144
260206 145
260206 147
260206 148
260206 149
260206 150
260206 151
260206 153
260206 154
260206 155
260206 156
260206 158
260206 159
260206 160
260206 161
260206 162
260206 164
260206 165
260206 167
260206 168
260206 175
260206 176
260206 179
260206 180
260206 182
260206 185
260206 186
260206 189
260207 -310
260208 -310
260209 -310
260210 1
260210 2
260210 3
260210 5
260210 6
260210 16
260210 17
260210 18
260210 19
260210 22
260210 24
260210 32
260210 33
260210 35
260210 36
260210 44
260210 46
260210 58
260210 59
260210 60
260210 61
260210 62
260210 65
260210 71
260210 79
260210 82
260210 88
260210 96
260210 98
260210 106
260210 107
260210 110
260210 112
260210 113
260210 114
260210 115
260210 116
260210 117
260210 118
260210 119
260210 121
260210 122
260210 126
260210 127
260210 128
260210 129
260210 130
260210 131
260210 132
260210 133
260210 134
260210 135
260210 137
260210 138
260210 140
260210 141
260210 142
260210 143
260210 148
260210 151
260210 152
260210 154
260211 1
260211 2
260211 6
260211 7
260211 10
260211 11
260211 13
260211 22
260211 27
260211 32
260211 33
260211 34
260211 35
260211 38
260211 39
260211 40
260211 42
260211 43
260211 44
260211 45
260211 46
260211 49
260211 50
260211 51
260211 52
260211 53
260211 54
260211 55
260211 56
260211 57
260211 58
260211 60
260211 61
260211 62
260211 63
260211 64
260211 65
260211 66
260211 67
260211 68
260211 69
260211 70
260211 71
260211 72
260211 73
260211 74
260211 75
260211 76
260212 -310
260213 3
260213 4
260213 5
260213 6
260213 7
260213 8
260213 11
260214 1
260214 2
260214 3
260214 4
260214 6
260214 7
260214 8
260214 14
260214 15
260214 16
260214 17
260214 20
260214 21
260214 24
260214 25
260214 26
260214 27
260214 30
260214 31
260214 34
260214 35
260214 36
260214 37
260214 38
260214 39
260214 40
260214 41
260214 43
260214 44
260214 46
260214 47
260214 51
260214 52
260214 53
260214 54
260214 57
260214 58
260214 59
260214 60
260214 61
260214 62
260214 64
260214 65
260214 66
260214 67
260214 69
260214 72
260214 73
260214 74
260214 75
260214 76
260214 77
260214 78
260214 79
260214 80
260214 81
260215 -310
260216 -310
260217 -310
260218 -310
260219 -310
260220 -310
260221 -310
260222 -310
260223 -310
260224 1
260224 2
260224 3
260224 4
260224 5
260224 6
260224 7
260224 8
260224 9
260224 10
260224 11
260224 12
260224 13
260224 14
260224 15
260224 16
260224 17
260224 18
260224 19
260224 20
260224 21
260224 22
260224 23
260224 24
260224 25
260224 26
260224 27
260224 28
260224 29
260224 30
260224 31
260224 32
260224 33
260224 34
260224 35
260224 36
260224 37
260224 38
260224 39
260224 40
260224 41
260224 42
260224 43
260224 44
260224 45
260224 46
260224 47
260224 48
260224 49
260224 50
260224 51
260224 52
260224 53
260224 54
260224 55
260224 56
260224 57
260224 58
260224 59
260224 60
260224 61
260224 62
260224 63
260224 64
260224 65
260224 66
260224 67
260224 69
260224 70
260224 71
260224 72
260224 73
260224 74
260224 75
260224 76
260224 79
260224 129
260231 1
260231 2
260231 3
260231 4
260231 5
260231 6
260231 7
260231 8
260231 9
260231 10
260231 11
260231 14
260231 15
260231 16
260231 17
260231 18
260231 19
260231 20
260231 21
260231 22
260231 23
260231 24
260231 25
260231 26
260231 27
260231 28
260231 29
260231 30
260231 31
260231 33
260231 35
260231 36
260231 37
260231 39
260231 40
260231 41
260231 42
260231 83
260231 103
260231 111
260231 115
260231 119
260231 120
260231 122
260231 124
260231 126
260231 127
260231 128
260231 129
260231 130
260231 132
260232 -310
260233 5
260233 7
260233 16
260233 17
260233 18
260233 22
260233 40
260233 43
260233 51
260233 53
260233 55
260233 64
260233 76
260233 85
260233 86
260233 88
260233 90
260233 93
260233 96
260233 97
260233 105
260233 106
260233 110
260233 112
260233 143
260233 146
260235 -310
260236 10
260236 11
260236 14
260237 1
260237 7
260237 8
260237 9
260237 13
260237 14
260237 17
260237 35
260237 45
260237 85
260237 93
260237 138
260237 145
260237 158
260237 161
260237 164
260237 167
260237 170
260237 176
260237 183
260238 12
260238 13
260238 19
260238 20
260238 47
260238 48
260239 17
260239 54
260239 55
260240 -310
260241 1
260241 2
260241 3
260241 4
260241 5
260241 6
260241 7
260241 8
260241 9
260241 10
260241 11
260241 12
260241 13
260241 14
260241 15
260241 16
260241 19
260241 20
260241 21
260241 22
260241 23
260241 24
260241 25
260241 26
260241 27
260241 28
260241 29
260241 30
260241 31
260241 32
260241 33
260241 35
260241 36
260241 38
260241 39
260241 48
260241 56
260241 99
260241 193
260241 194
260241 196
260241 197
260241 198
260241 199
260244 1
260244 20
260244 21
260244 26
260244 27
260244 28
260244 29
260244 35
260244 36
260244 37
260244 38
260244 39
260244 40
260244 41
260244 42
260244 43
260244 44
260244 45
260244 46
260244 47
260244 48
260244 49
260244 50
260244 51
260244 52
260244 53
260244 54
260244 55
260244 57
260244 58
260244 59
260244 60
260244 61
260244 62
260244 63
260244 64
260244 65
260244 66
260244 67
260244 68
260244 69
260244 70
260244 71
260244 72
260244 73
260244 74
260244 75
260244 77
260244 79
260244 81
260244 82
260244 121
260244 126
260244 133
260244 134
260244 150
260244 151
260244 159
260244 160
260245 11
260245 26
260245 27
260245 34
260245 41
260245 42
260245 44
260245 45
260245 51
260245 61
260245 62
260246 1
260246 3
260246 4
260246 10
260246 12
260246 14
260246 42
260246 78
260246 79
260246 81
260246 82
260246 83
260246 84
260246 95
260246 106
260246 178
260246 192
260246 193
260246 194
260246 195
260246 196
260246 197
260246 198
260246 199
260246 200
260247 23
260248 1
260248 6
260248 20
260250 18
260250 19
260250 20
260250 21
260250 23
260250 24
260250 26
260250 27
260250 30
260250 31
260250 45
260250 51
260250 72
260250 106
260250 116
260250 120
260250 141
260250 170
260250 171
260250 172
260250 173
260250 174
260250 175
260250 176
260250 177
260250 178
260250 180
260250 181
260250 182
260250 183
260250 184
260250 185
260250 187
260252 1
260252 23
260252 41
260252 56
260252 98
260252 144
260252 150
260252 182
260252 189
260253 1
260254 -310
260255 1
260255 16
260255 19
260255 22
260255 34
260255 37
260255 53
260255 56
260255 60
260255 61
260255 62
260255 63
260255 64
260255 65
260255 66
260256 11
260257 1
260257 2
260257 4
260257 12
260259 1
260259 18
260259 20
260259 21
260259 32
260259 53
260259 57
260259 65
260259 67
260259 68
260259 80
260259 88
260259 125
260259 176
260259 177
260260 1
260260 41
260260 70
260260 89
260260 92
260260 114
260260 123
260260 176
260260 197
260262 22
260264 13
260264 14
260317 2
260317 3
260317 18
260317 20
260317 32
260317 38
260317 52
260317 56
260317 68
260317 122
260317 138
260317 155
260317 156
260317 157
260317 160
260317 161
260317 163
260317 164
260317 165
260317 166
260317 167
260317 168
260317 169
260317 170
260317 172
260317 173
260317 182
260317 186
260317 188
260317 189
260317 190
260317 191
260317 193
260317 194
260317 195
260317 196
260317 198
260317 199
260318 29
260318 33
260318 34
260318 35
260318 36
260318 37
260318 38
260318 39
260318 40
260318 41
260318 42
260318 43
260318 44
260318 45
260318 46
260318 47
260318 48
260318 49
260318 50
260318 51
260318 52
260318 53
260318 54
260319 3
260319 32
260319 43
260319 47
260319 55
260319 68
260319 71
260319 72
260319 87
260319 93
260319 105
260319 118
260319 121
260319 136
260319 154
260320 1
260320 13
260320 16
260320 18
260320 19
260320 20
260320 21
260320 26
260320 41
260320 44
260320 48
260320 91
260320 92
260320 93
260320 95
260320 96
260320 99
260320 100
260323 -310
260324 -310
260325 -310
260326 -310
260327 -310
260328 -310
260329 -310
260330 10
260331 1
260331 5
260331 6
260331 8
260331 9
260331 10
260332 -310
260333 -310
260334 -310
260336 -310
260337 -310
260338 -310
260339 -310
260340 -310
260341 1
260341 2
260341 3
260341 4
260341 13
260341 16
260341 17
260341 18
260341 19
260341 20
260341 21
260341 22
260341 23
260341 24
260341 25
260341 26
260341 27
260342 1
260342 4
260343 1
260343 24
260343 31
260343 32
260343 34
260343 35
260343 36
260343 37
260343 38
260343 39
260343 40
260343 41
260343 42
260343 43
260343 44
260343 45
260343 46
260343 47
260343 49
260343 50
260343 51
260343 52
260343 53
260343 54
260344 1
260344 2
260344 3
260347 -310
260348 -310
260349 -310
260350 -310
260351 -310
260352 -310
260353 1
260353 2
260353 3
260353 4
260353 5
260353 6
260353 7
260353 8
260353 9
260353 10
260353 11
260353 12
260353 13
260353 14
260353 15
260353 16
260353 17
260353 18
260353 19
260353 20
260353 21
260353 22
260353 23
260353 24
260353 25
260353 26
260353 27
260353 28
260353 29
260353 30
260353 31
260353 32
260353 33
260353 34
260353 35
260353 36
260353 37
260353 38
260353 39
260353 40
260353 41
260353 42
260353 43
260353 44
260353 45
260353 46
260353 66
260353 71
260353 72
260353 83
260353 84
260353 85
260353 86
260353 87
260353 88
260353 107
260353 108
260353 109
260353 110
260353 111
260353 112
260353 114
260353 115
260353 117
260353 118
260353 119
260353 120
260353 121
260353 122
260353 124
260353 125
260353 126
260353 127
260353 129
260353 130
260353 131
260353 132
260353 133
260353 134
260353 140
260353 142
260354 1
260354 6
260354 59
260354 73
260354 74
260354 78
260354 79
260354 82
260354 83
260354 84
260354 85
260354 86
260354 87
260354 88
260354 89
260354 94
260354 95
260354 96
260354 97
260354 98
260354 99
260354 100
260354 101
260354 102
260355 -310
260356 -310
260361 -310
260362 -310
260363 1
260363 4
260363 6
260363 8
260363 11
260365 -310
260367 33
260367 34
260367 35
260367 36
260367 37
260367 38
260367 39
260367 40
260367 41
260367 42
260367 43
260367 44
260367 45
260367 46
260367 49
260367 50
260367 51
260367 52
260367 53
260367 54
260367 59
260369 12
260369 43
260369 44
260369 45
260369 46
260369 48
260369 49
260369 50
260369 51
260369 53
260369 54
260369 55
260369 56
260369 58
260369 61
260369 62
260369 66
260369 67
260369 68
260369 73
260369 74
260369 75
260369 76
260369 79
260369 80
260369 133
260369 145
260369 155
260369 195
260370 16
260370 17
260371 -310
260374 -310
260375 1
260375 10
260375 21
260375 24
260375 25
260375 26
260375 31
260375 32
260375 38
260375 101
260375 102
260375 108
260375 121
260375 122
260375 126
260375 127
260375 129
260375 130
260375 131
260375 132
260375 135
260375 142
260375 143
260375 144
260375 145
260375 148
260375 150
260375 151
260375 154
260375 155
260375 156
260381 -310
260382 -310
260384 9
260384 10
260384 26
260384 30
260384 33
260384 35
260384 43
260384 44
260384 61
260384 62
260384 65
260384 66
260384 70
260384 85
260384 89
260384 172
260384 176
260384 190
260384 194
260384 198
260385 -310
260386 1
260386 5
260386 12
260387 1
260387 4
260387 23
260387 24
260387 37
260387 57
260387 87
260387 97
260387 133
260387 152
260387 153
260387 161
260387 175
260387 183
260388 1
260388 2
260388 3
260388 4
260388 5
260388 6
260388 18
260388 23
260388 25
260388 26
260388 31
260388 44
260388 45
260388 46
260388 47
260388 48
260388 49
260388 50
260388 51
260388 52
260388 53
260388 54
260388 55
260388 56
260388 57
260388 58
260388 59
260388 60
260388 61
260388 62
260388 63
260388 64
260388 65
260388 66
260388 67
260388 68
260388 69
260388 70
260388 71
260388 72
260388 73
260388 74
260388 75
260388 76
260388 77
260388 79
260388 80
260388 81
260388 82
260388 83
260388 84
260388 85
260388 86
260388 87
260388 88
260388 89
260388 90
260388 91
260389 -310
260391 -310
260392 -310
260393 -310
260394 -310
260399 1
260399 2
260399 3
260399 4
260399 5
260399 6
260399 7
260399 8
260399 9
260399 10
260399 11
260399 12
260399 13
260399 26
260399 33
260399 42
260399 59
260399 69
260399 75
260399 77
260399 78
260399 79
260399 80
260399 81
260399 82
260399 83
260399 84
260399 85
260399 86
260399 87
260399 88
260399 97
260399 98
260399 99
260399 100
260399 101
260399 102
260399 109
260399 110
260399 111
260399 112
260399 113
260399 114
260399 116
260399 117
260399 118
260399 119
260399 120
260399 121
260399 122
260399 127
260399 128
260399 129
260399 131
260399 135
260399 139
260399 141
260399 147
260399 148
260399 149
260399 151
260399 153
260399 154
260399 155
260399 156
260399 157
260399 158
260399 159
260399 160
260399 161
260399 162
260399 163
260399 164
260399 165
260399 166
260399 167
260399 168
260399 169
260399 170
260399 171
260399 172
260399 173
260399 174
260399 175
260399 176
260399 177
260399 178
260399 179
260399 180
260399 181
260399 182
260399 183
260399 184
260399 185
260399 186
260399 187
260399 188
260399 189
260399 190
260399 191
260399 192
260399 193
260399 194
260399 195
260399 196
260399 197
260399 198
260399 199
260399 200
260400 6
260400 8
260400 9
260400 10
260400 11
260400 12
260401 -310
260402 -310
260403 -310
260404 -310
260406 -310
260407 1
260407 3
260407 84
260407 97
260407 103
260407 104
260407 105
260407 106
260407 107
260407 108
260408 4
260408 5
260408 8
260408 9
260408 10
260408 16
260408 17
260408 21
260408 22
260409 1
260410 9
260410 10
260410 13
260410 14
260410 34
260410 35
260413 1
260413 5
260413 6
260413 9
260413 10
260413 19
260413 20
260413 21
260413 22
260413 23
260413 24
260413 25
260413 26
260413 28
260413 29
260413 30
260413 31
260413 42
260413 43
260413 46
260413 47
260413 55
260413 58
260413 59
260414 16
260415 1
260415 5
260415 26
260415 27
260415 32
260415 41
260415 50
260415 174
260416 10
260416 12
260416 55
260416 91
260419 1
260420 13
260420 65
260420 66
260420 69
260421 1
260421 106
260421 107
260421 121
260421 123
260421 127
260423 1
260423 8
260423 9
260423 11
260423 12
260423 13
260423 14
260423 20
260423 21
260424 14
260424 20
260424 22
260424 32
260424 47
260424 58
260424 61
260424 68
260425 10
260425 14
260426 6
260426 36
260426 39
260426 42
260426 52
260426 61
260426 67
260426 68
260426 69
260426 98
260426 103
260426 104
260426 106
260426 114
260426 115
260426 116
260426 123
260426 128
260426 133
260426 134
260426 143
260426 149
260426 150
260426 168
260426 181
260426 190
260427 48
260427 56
260427 71
260427 98
260427 100
260427 101
260427 102
260427 106
260427 108
260427 115
260427 118
260427 122
260427 127
260427 157
260427 171
260427 179
260427 185
260427 186
260427 187
260427 188
260427 189
260427 190
260427 191
260427 192
260427 197
260427 198
260427 200
260429 9
260429 47
260429 50
260429 53
260429 89
260429 106
260429 153
260429 192
260434 1
260434 13
260434 14
260434 22
260434 56
260434 57
260434 60
260434 61
260434 74
260434 81
260434 83
260434 86
260434 87
260434 88
260434 91
260434 96
260434 109
260434 118
260434 145
260434 146
260434 151
260434 152
260434 166
260434 169
260434 170
260434 177
260434 188
260434 189
260434 194
260434 195
260434 196
260434 197
260435 4
260435 54
260435 91
260435 94
260435 100
260435 116
260435 118
260436 1
260436 9
260436 19
260436 26
260436 30
260436 35
260436 37
260436 40
260436 41
260436 42
260436 43
260436 44
260436 45
260436 46
260436 47
260436 48
260436 49
260436 50
260436 51
260436 52
260436 53
260436 54
260436 55
260436 56
260436 57
260437 -310
260438 1
260438 80
260438 107
260438 108
260439 17
260439 22
260440 4
260441 1
260442 1
260442 14
260442 15
260442 16
260442 17
260442 18
260442 19
260442 20
260442 21
260442 22
260442 23
260442 24
260442 25
260442 26
260442 27
260442 28
260442 29
260442 30
260442 31
260442 32
260442 33
260442 34
260443 1
260443 21
260443 36
260443 40
260443 49
260443 52
260443 57
260443 59
260443 74
260443 79
260443 98
260443 99
260443 112
260443 117
260443 155
260443 160
260443 163
260443 170
260454 -310
260455 1
260456 1
260456 17
260456 21
260456 43
260456 76
260457 33
260458 -310
260459 1
260459 42
260459 44
260459 58
260459 60
260459 94
260459 98
260459 99
260459 118
260459 122
260459 124
260459 136
260459 152
260459 159
260460 1
260460 12
260460 18
260460 26
260460 28
260460 29
260460 38
260460 98
260460 145
260460 170
260462 1
260462 4
260462 7
260462 37
260462 43
260462 46
260462 53
260462 61
260462 62
260462 63
260462 64
260462 65
260462 66
260462 67
260462 68
260462 69
260462 70
260462 71
260462 72
260462 73
260462 74
260462 75
260462 76
260462 77
260463 1
260463 8
260463 37
260463 120
260463 126
260463 152
260464 -310
260465 -310
260467 101
260468 1
260470 1
260470 25
260470 36
260470 43
260470 138
260472 1
260472 6
260472 26
260472 30
260472 37
260472 62
260472 83
260472 90
260472 93
260472 95
260472 97
260472 109
260472 112
260472 119
260472 121
260472 128
260472 139
260472 141
260472 157
260472 165
260472 170
260472 173
260472 193
260472 197
260473 12
260474 28
260474 35
260474 36
260474 37
260475 1
260475 17
260475 27
260475 41
260475 53
260475 54
260475 65
260475 67
260475 75
260475 107
260475 162
260476 -310
260477 -310
260478 -310
260479 -310
260480 38
260480 57
260480 58
260480 59
260481 16
260481 146
260481 147
260481 148
260481 149
260481 150
260481 151
260481 152
260481 153
260481 154
260481 155
260481 156
260481 157
260481 158
260481 159
260481 160
260482 -310
260483 -310
260484 17
260484 37
260484 55
260484 88
260484 175
260485 1
260485 14
260485 63
260485 116
260486 49
260486 50
260487 17
260487 24
260487 46
260487 74
260487 82
260487 84
260487 85
260487 86
260487 87
260487 88
260487 89
260487 91
260487 94
260487 102
260487 103
260487 108
260487 109
260487 110
260487 112
260487 113
260487 114
260487 115
260487 116
260487 118
260487 119
260487 120
260487 121
260487 129
260487 134
260487 135
260487 136
260487 137
260487 138
260487 141
260487 142
260487 143
260487 149
260487 150
260487 151
260487 155
260487 156
260487 157
260487 158
260487 160
260487 161
260487 162
260487 164
260487 165
260487 166
260487 167
260487 168
260487 169
260487 170
260487 171
260487 172
260488 1
260505 -310
260506 3
260506 9
260506 19
260507 -310
260508 1
260508 2
260508 3
260508 4
260508 10
260508 11
260508 13
260508 15
260508 16
260508 18
260509 -310
260510 -310
260511 1
260511 14
260511 17
260512 4
260512 9
260513 -310
260514 -310
260517 1
260517 2
260517 15
260517 16
260517 17
260519 1
260519 13
260519 19
260519 52
260519 70
260519 74
260519 78
260519 79
260519 80
260520 10
260520 47
260520 88
260520 92
260520 113
260520 129
260520 130
260520 131
260521 -310
260522 1
260522 32
260522 42
260522 60
260522 69
260522 92
260522 93
260522 96
260522 100
260522 106
260522 107
260522 114
260522 115
260522 118
260522 120
260522 121
260522 123
260522 124
260522 129
260522 130
260522 131
260522 132
260522 133
260522 134
260522 136
260522 137
260522 139
260522 140
260522 141
260522 143
260522 144
260522 145
260522 146
260522 147
260522 148
260522 150
260522 151
260522 155
260522 158
260522 159
260522 161
260522 162
260522 163
260522 165
260522 166
260522 167
260522 168
260522 169
260522 171
260522 173
260522 174
260522 175
260522 176
260522 177
260522 178
260522 179
260522 180
260522 181
260522 182
260522 183
260522 184
260522 185
260522 188
260522 189
260522 190
260522 192
260522 193
260522 194
260522 195
260522 196
260522 197
260522 198
260522 199
260522 200
260523 24
260523 57
260523 121
260523 128
260523 165
260523 180
260523 190
260524 25
260524 64
260524 139
260525 14
260526 1
260527 9
260527 51
260527 52
260527 65
260527 170
260527 171
260528 1
260528 10
260528 11
260528 65
260528 103
260528 156
260529 1
260548 -310
260549 -310
260550 18
260550 19
260550 27
260550 30
260550 32
260550 36
260550 40
260550 54
260550 66
260550 69
260550 86
260550 92
260550 97
260550 108
260550 111
260550 113
260550 121
260550 124
260550 125
260550 127
260550 147
260550 151
260550 157
260550 182
260550 183
260550 184
260551 3
260551 7
260551 22
260551 26
260551 28
260551 44
260551 50
260551 51
260551 52
260551 53
260551 59
260551 61
260551 63
260551 75
260551 108
260551 109
260551 110
260551 111
260552 1
260552 2
260552 3
260552 4
260552 5
260552 6
260552 49
260552 64
260552 67
260552 70
260552 72
260552 74
260552 75
260553 27
260553 47
260553 72
260553 73
260553 74
260553 75
260553 148
260553 169
260554 30
260555 21
260556 5
260556 130
260556 194
260557 8
260557 9
260557 10
260557 11
260557 12
260557 13
260557 14
260558 7
260559 32
260559 48
260559 64
260559 108
260559 110
260559 186
260560 81
260560 91
260560 100
260560 101
260560 117
260560 118
260560 127
260560 131
260560 138
260560 154
260560 169
260560 174
260560 190
260561 -310
260562 1
260562 115
260562 171
260562 174
260563 12
260563 24
260563 25
260563 34
260563 38
260563 44
260563 68
260563 88
260563 90
260563 111
260563 152
260563 160
260564 14
260564 22
260564 69
260564 77
260564 85
260564 87
260564 89
260564 93
260564 99
260564 123
260564 125
260564 159
260565 75
260087 -310
260094 -310
260186 -310
260251 -310
260258 -310
260321 -310
260346 -310
260368 -310
260144 -310
260205 -310
260225 -310
260242 -310
260360 -310
260411 -310
260417 -310
260461 -310
260469 -310
260471 -310
260113 -310
260466 -310
260111 -310
260127 -310
