260627 -310
260628 -310
260629 -310
260630 -310
260631 -310
260634 -310
260635 -310
260638 -310
260639 -310
260640 -310
260644 -310
260651 8
260651 12
260651 23
260651 29
260651 39
260651 63
260651 125
260651 126
260651 127
260651 128
260651 129
260651 130
260651 131
260651 132
260651 133
260651 134
260651 135
260651 136
260651 166
260651 167
260651 169
260651 170
260651 172
260652 1
260652 37
260652 49
260652 50
260652 51
260652 52
260652 53
260652 54
260652 55
260652 56
260652 57
260652 58
260652 59
260652 60
260652 61
260652 62
260652 63
260652 64
260652 65
260652 66
260652 67
260652 68
260652 69
260652 70
260652 71
260652 72
260652 73
260652 74
260652 75
260652 76
260652 77
260652 78
260652 79
260652 80
260652 81
260652 82
260652 83
260652 84
260652 85
260652 86
260652 87
260652 88
260652 89
260652 90
260652 91
260652 92
260652 93
260652 94
260652 95
260652 96
260652 97
260652 98
260652 99
260652 100
260652 101
260652 102
260652 103
260652 104
260652 105
260652 106
260652 118
260652 134
260653 -310
260654 1
260654 92
260654 93
260654 94
260654 96
260654 98
260654 99
260654 100
260654 101
260654 102
260654 105
260654 106
260654 108
260654 109
260654 110
260654 111
260654 112
260654 113
260654 114
260654 137
260654 150
260654 155
260654 157
260654 158
260654 161
260654 162
260654 165
260654 171
260654 175
260654 180
260654 193
260654 195
260654 196
260655 3
260655 10
260655 16
260656 3
260656 10
260656 11
260656 14
260657 8
260657 19
260657 21
260657 45
260657 46
260657 49
260657 51
260657 58
260657 59
260657 81
260657 82
260657 90
260657 98
260657 101
260657 102
260657 104
260657 106
260657 116
260657 119
260657 122
260657 127
260657 128
260657 129
260657 130
260657 131
260657 132
260657 133
260657 134
260657 135
260657 136
260657 137
260658 -310
260659 -310
260660 2
260660 3
260660 10
260660 13
260660 58
260660 67
260660 72
260660 73
260660 77
260660 81
260660 82
260660 90
260660 92
260660 123
260660 130
260660 132
260660 167
260660 168
260660 170
260660 172
260660 188
260661 25
260661 36
260661 37
260661 64
260661 67
260661 107
260661 117
260661 119
260661 134
260661 147
260661 149
260661 157
260661 159
260661 192
260661 198
260661 199
260662 1
260662 6
260662 7
260662 8
260662 13
260662 16
260662 25
260662 39
260662 47
260662 49
260662 77
260662 80
260662 81
260662 87
260662 89
260662 92
260663 11
260663 19
260663 33
260663 36
260663 44
260663 55
260663 68
260663 82
260663 85
260664 1
260664 4
260664 9
260664 14
260664 18
260664 26
260664 42
260664 52
260664 64
260664 71
260664 83
260664 85
260664 92
260664 93
260664 108
260664 142
260665 1
260665 5
260665 29
260665 51
260666 1
260666 181
260666 182
260668 10
260668 11
260668 12
260668 13
260668 14
260668 15
260668 16
260668 17
260668 18
260668 19
260668 20
260668 21
260668 22
260668 23
260668 24
260668 25
260668 26
260668 27
260668 28
260668 30
260668 31
260674 7
260674 8
260674 10
260674 13
260674 14
260675 -310
260676 2
260676 8
260676 15
260676 20
260676 21
260678 -310
260690 1
260690 6
260690 7
260690 11
260690 17
260690 18
260690 22
260690 27
260690 28
260690 29
260690 31
260690 33
260690 35
260690 36
260690 40
260690 42
260690 43
260690 70
260690 116
260690 117
260690 129
260690 133
260691 -310
260692 11
260693 7
260693 79
260693 80
260693 81
260693 83
260693 146
260693 156
260693 163
260693 190
260694 1
260694 2
260694 106
260694 124
260695 130
260695 187
260696 1
260696 43
260696 57
260696 60
260696 61
260696 63
260697 -310
260700 -310
260701 6
260701 7
260701 10
260701 11
260701 12
260701 13
260701 20
260701 21
260701 22
260701 23
260701 24
260702 45
260702 46
260702 47
260702 48
260702 49
260702 50
260702 51
260702 52
260702 53
260702 54
260702 55
260702 56
260702 57
260702 58
260702 59
260702 60
260702 61
260702 62
260702 63
260702 64
260702 65
260702 66
260702 67
260702 68
260702 69
260702 70
260702 71
260702 72
260702 73
260702 74
260702 75
260702 76
260702 77
260702 78
260703 1
260704 1
260704 131
260706 -310
260707 31
260707 32
260707 38
260707 40
260707 45
260707 48
260707 50
260707 70
260707 71
260707 85
260709 1
260709 2
260709 7
260709 8
260709 9
260709 10
260709 11
260709 12
260709 13
260709 14
260709 15
260709 16
260709 17
260709 18
260709 19
260709 20
260709 21
260709 22
260709 23
260709 42
260709 85
260709 124
260711 50
260711 64
260711 138
260711 159
260712 -310
260713 17
260713 41
260713 53
260713 64
260713 116
260713 119
260713 123
260713 131
260713 132
260713 141
260713 145
260713 147
260713 153
260713 162
260714 53
260714 66
260714 67
260714 74
260714 75
260714 77
260714 80
260714 83
260714 85
260714 106
260714 181
260714 193
260714 196
260714 197
260715 4
260715 11
260715 18
260715 28
260715 61
260715 62
260715 108
260715 115
260715 125
260715 126
260715 127
260715 128
260715 129
260715 131
260715 132
260715 133
260715 134
260715 135
260715 136
260715 137
260715 138
260715 139
260715 140
260715 141
260715 142
260715 143
260715 144
260715 145
260715 146
260715 147
260715 148
260715 149
260715 150
260715 151
260715 152
260715 153
260715 154
260715 155
260715 156
260715 157
260715 158
260715 159
260715 160
260715 161
260715 162
260715 163
260715 164
260715 165
260715 166
260715 167
260715 168
260715 169
260715 170
260715 171
260715 172
260715 173
260715 174
260715 175
260716 -310
260717 1
260717 2
260717 3
260717 5
260717 18
260717 21
260717 35
260717 39
260717 52
260717 54
260717 58
260717 65
260717 66
260717 68
260717 71
260717 81
260717 94
260717 95
260718 -310
260719 -310
260720 3
260720 4
260720 16
260721 147
260722 60
260722 98
260722 100
260722 120
260722 152
260722 153
260723 1
260723 149
260724 179
260725 -310
260726 1
260726 43
260728 8
260728 18
260728 19
260729 4
260729 5
260729 16
260729 19
260729 21
260729 23
260729 24
260729 26
260729 29
260729 30
260729 31
260729 37
260729 39
260729 43
260729 83
260730 1
260730 4
260730 33
260730 146
260731 22
260731 38
260731 39
260731 40
260731 41
260731 42
260731 43
260731 44
260731 45
260731 46
260731 47
260731 48
260731 49
260731 50
260732 1
260732 5
260732 49
260732 50
260732 85
260732 91
260732 92
260732 93
260732 94
260732 132
260733 19
260733 24
260733 30
260733 60
260733 63
260733 79
260733 97
260733 105
260733 124
260733 125
260733 140
260733 142
260733 174
260734 33
260734 47
260734 53
260734 59
260734 69
260734 81
260734 91
260734 123
260734 127
260734 132
260735 10
260735 17
260735 76
260735 97
260735 182
260738 104
260738 116
260738 122
260738 123
260738 132
260738 137
260738 141
260738 142
260738 143
260738 161
260738 193
260738 198
260738 199
260739 1
260739 2
260739 3
260739 4
260739 5
260739 6
260739 7
260739 8
260739 9
260739 10
260739 33
260739 38
260739 39
260739 40
260739 41
260739 42
260739 63
260739 81
260739 82
260739 83
260739 84
260739 89
260739 90
260739 91
260739 132
260739 144
260739 159
260739 160
260739 165
260739 166
260739 167
260739 198
260739 199
260739 200
260741 1
260741 6
260741 8
260742 21
260742 27
260743 47
260743 86
260743 163
260743 165
260743 166
260745 1
260745 8
260746 66
260746 107
260746 116
260747 91
260748 134
260748 195
260749 1
260749 59
260749 78
260749 130
260749 135
260749 171
260749 173
260749 174
260749 175
260749 178
260749 179
260749 180
260749 181
260749 182
260749 183
260749 185
260749 186
260749 187
260749 188
260749 189
260749 190
260749 191
260749 192
260749 193
260749 194
260749 195
260749 196
260749 197
260749 198
260750 47
260750 72
260750 94
260750 161
260751 7
260751 26
260753 77
260753 197
260754 6
260755 36
260755 63
260755 75
260755 138
260755 139
260755 187
260756 27
260756 28
260756 49
260756 54
260756 57
260756 69
260756 70
260756 85
260756 93
260756 94
260756 96
260756 97
260756 103
260756 104
260756 120
260756 156
260756 164
260808 -310
260809 1
260809 5
260809 9
260809 10
260809 11
260816 1
260817 1
260817 6
260817 153
260819 1
260819 14
260819 75
260819 102
260819 127
260819 142
260820 17
260820 19
260820 65
260825 6
260825 7
260825 8
260825 9
260825 10
260825 12
260825 146
260825 158
260825 161
260825 162
260825 165
260825 167
260825 198
260826 138
260826 156
260826 160
260826 164
260826 165
260826 182
260826 188
260826 191
260827 1
260827 2
260827 19
260827 20
260827 25
260827 26
260827 37
260827 41
260827 94
260827 106
260827 107
260827 128
260827 142
260827 150
260827 151
260827 152
260827 153
260827 154
260827 155
260827 156
260827 157
260827 158
260827 159
260827 160
260827 161
260827 162
260827 163
260827 178
260827 179
260827 180
260827 182
260827 199
260827 200
260828 1
260828 34
260828 36
260828 38
260828 44
260828 49
260828 52
260828 59
260828 60
260828 61
260828 62
260828 63
260828 64
260828 65
260828 66
260828 67
260828 73
260828 74
260828 75
260829 -310
260830 12
260830 14
260830 16
260830 27
260830 28
260830 44
260831 2
260831 5
260832 6
260832 9
260832 11
260833 -310
260834 2
260834 3
260834 15
260834 16
260834 17
260834 23
260834 28
260834 32
260834 36
260834 42
260834 43
260834 44
260834 45
260834 50
260834 60
260834 62
260834 64
260834 65
260834 66
260834 72
260834 73
260834 74
260834 75
260834 79
260834 84
260834 85
260834 86
260834 96
260834 128
260834 131
260834 133
260834 134
260834 139
260834 142
260834 163
260835 19
260835 25
260835 26
260835 28
260835 38
260835 39
260835 40
260835 47
260835 76
260835 77
260835 78
260835 79
260835 80
260835 81
260835 82
260835 92
260835 93
260835 99
260835 101
260835 107
260835 111
260835 112
260835 115
260835 118
260835 120
260835 121
260835 122
260835 124
260835 127
260835 128
260835 129
260835 136
260835 142
260835 148
260835 150
260836 1
260836 10
260838 1
260838 45
260838 46
260838 47
260838 48
260838 49
260839 1
260839 111
260840 1
260840 3
260840 5
260840 12
260840 18
260841 15
260841 37
260841 53
260841 56
260841 150
260841 151
260842 67
260844 1
260845 75
260845 77
260845 110
260845 111
260845 112
260846 26
260846 27
260846 28
260846 29
260846 30
260846 31
260846 32
260846 33
260846 34
260846 35
260846 36
260846 37
260846 38
260846 39
260846 40
260846 41
260846 42
260846 43
260846 44
260846 45
260846 46
260846 47
260846 48
260846 49
260846 50
260846 51
260846 52
260846 105
260847 1
260847 2
260847 3
260847 4
260847 5
260847 6
260847 7
260847 8
260847 9
260847 10
260847 11
260847 12
260847 13
260847 14
260847 15
260847 16
260847 17
260847 18
260847 19
260847 20
260847 21
260847 22
260847 23
260847 24
260847 104
260847 157
260847 188
260848 61
260848 64
260848 150
260849 43
260849 55
260849 58
260849 91
260849 92
260849 95
260849 105
260849 116
260849 120
260849 122
260849 124
260849 125
260849 128
260849 133
260849 134
260849 140
260849 153
260849 165
260851 12
260851 55
260851 125
260851 155
260851 165
260851 192
260852 1
261295 -310
261296 95
261296 96
261296 97
261296 99
261296 103
261296 109
261296 110
261296 111
261296 114
261296 115
261296 116
261296 118
261296 119
261296 120
261296 121
261296 124
261296 125
261296 126
261296 128
261296 130
261296 132
261296 134
261296 137
261296 139
261296 141
261296 142
261296 144
261296 149
261296 150
261296 157
261296 158
261296 159
261296 160
261296 162
261296 163
261296 172
261296 175
261296 179
261296 181
261296 183
261296 184
261296 189
261296 190
261296 192
261296 193
261296 200
261297 2
261297 4
261297 7
261297 11
261297 14
261297 15
261297 16
261297 19
261297 20
261297 23
261297 27
261297 33
261297 34
261297 41
261297 46
261297 52
261297 53
261297 54
261297 61
261297 62
261297 63
261297 65
261297 66
261297 67
261297 69
261297 70
261297 73
261297 78
261297 81
261297 82
261297 97
261299 3
261299 46
261299 93
261299 152
261299 156
261299 172
261300 1
261300 18
261300 26
261300 56
261300 61
261301 1
261301 29
261301 31
261301 33
261301 35
261301 50
261301 54
261301 77
261301 84
261301 89
261301 100
261301 113
261301 119
261301 123
261301 172
261301 193
261301 194
261301 195
261301 197
261301 198
261302 4
261302 12
261302 14
261302 18
261302 20
261302 22
261302 23
261302 24
261302 25
261302 26
261302 28
261302 32
261302 34
261302 35
261302 37
261302 40
261302 41
261302 49
261302 50
261302 60
261302 63
261302 66
261302 71
261302 79
261303 1
261303 7
261303 12
261304 26
261304 28
261304 39
261304 71
261304 73
261304 75
261304 78
261304 80
261304 83
261304 85
261306 1
261306 2
261306 3
261306 5
261306 25
261310 22
261310 31
261310 51
261311 30
261312 7
261312 8
261312 10
261312 11
261312 26
261312 32
261312 76
261312 95
261312 125
261312 129
261312 130
261312 137
261312 150
261312 183
261313 6
261313 7
261313 11
261313 13
261314 1
261314 6
261314 7
261314 8
261314 12
261314 16
261314 20
261314 22
261314 24
261314 26
261314 29
261314 30
261314 33
261314 34
261314 36
261314 37
261314 40
261314 41
261314 42
261314 46
261314 48
261314 50
261314 52
261314 53
261314 56
261314 58
261314 62
261314 63
261314 68
261314 71
261314 73
261314 76
261314 80
261314 85
261314 90
261314 95
261314 97
261314 104
261314 105
261315 -310
261316 1
261316 2
261316 3
261316 4
261316 5
261316 6
261316 7
261316 8
261316 9
261316 12
261316 13
261316 18
261316 19
261316 20
261316 22
261316 23
261316 25
261316 26
261316 28
261316 29
261316 30
261316 31
261316 32
261316 35
261316 36
261316 37
261316 38
261316 39
261316 40
261316 42
261316 43
261316 52
261316 55
261316 63
261316 64
261316 65
261316 68
261316 69
261316 70
261316 71
261316 72
261316 73
261316 74
261316 76
261316 83
261316 85
261316 91
261316 97
261316 99
261316 101
261316 103
261316 106
261316 112
261316 113
261316 114
261316 115
261316 119
261316 121
261316 124
261316 125
261316 127
261316 128
261316 129
261316 131
261316 133
261316 135
261316 136
261316 137
261316 138
261316 139
261316 143
261316 144
261316 146
261316 148
261316 149
261316 150
261316 151
261316 152
261316 153
261316 155
261316 157
261316 159
261316 161
261316 162
261316 164
261316 165
261316 166
261316 169
261316 170
261316 171
261316 172
261316 173
261316 175
261316 176
261316 177
261316 179
261316 182
261316 183
261316 184
261316 185
261316 189
261316 190
261316 191
261316 193
261316 195
261316 196
261316 197
261316 198
261317 -310
261318 2
261318 6
261318 8
261318 12
261318 13
261318 14
261318 15
261318 16
261318 18
261318 19
261318 20
261318 22
261318 25
261318 26
261318 30
261318 31
261318 32
261318 38
261318 40
261318 43
261318 46
261318 47
261318 50
261318 54
261318 73
261318 75
261318 92
261318 96
261318 108
261318 109
261318 112
261318 115
261318 119
261318 121
261318 124
261318 127
261318 128
261318 131
261318 137
261318 140
261318 141
261318 147
261320 3
261320 5
261320 8
261320 10
261320 12
261320 13
261320 17
261320 19
261320 23
261320 24
261320 26
261320 34
261320 37
261320 40
261320 49
261320 50
261320 52
261320 53
261320 55
261320 56
261320 57
261320 86
261320 87
261320 98
261320 107
261320 108
261320 110
261320 112
261320 113
261320 117
261320 120
261320 122
261320 126
261320 130
261320 132
261320 133
261320 136
261320 138
261320 141
261320 142
261320 146
261320 147
261320 152
261320 154
261320 156
261320 160
261320 162
261320 168
261320 179
261320 184
261321 -310
261322 12
261322 19
261322 33
261322 41
261322 46
261322 56
261322 57
261322 70
261322 84
261322 96
261322 105
261322 119
261322 122
261322 140
261322 141
261322 156
261322 160
261322 165
261322 176
261322 179
261322 184
261322 185
261322 188
261322 196
261322 197
261322 198
261323 -310
261324 -310
261325 1
261325 2
261325 3
261325 4
261325 5
261325 6
261325 7
261325 8
261325 9
261325 10
261325 11
261325 12
261325 13
261325 14
261325 15
261325 16
261325 17
261325 18
261325 19
261325 20
261325 21
261325 22
261325 23
261325 24
261325 25
261325 26
261325 27
261325 28
261325 29
261325 30
261325 31
261325 32
261325 33
261325 34
261325 35
261325 37
261325 38
261325 39
261325 40
261325 41
261325 42
261325 43
261325 44
261325 45
261325 46
261325 47
261325 48
261325 49
261325 50
261325 51
261325 52
261325 53
261325 54
261325 55
261325 56
261325 57
261325 58
261325 59
261325 60
261325 61
261325 62
261325 63
261325 64
261325 65
261325 66
261325 68
261325 69
261325 70
261325 71
261325 72
261325 73
261325 74
261325 75
261325 76
261325 77
261325 78
261325 79
261325 80
261325 81
261325 82
261325 83
261325 84
261325 85
261325 86
261325 87
261325 88
261325 89
261325 90
261325 91
261325 92
261325 93
261325 94
261325 95
261325 96
261325 97
261325 98
261325 100
261325 101
261325 107
261325 108
261325 109
261325 113
261325 115
261325 117
261325 122
261325 123
261325 125
261325 127
261325 132
261325 133
261325 134
261325 135
261325 137
261325 138
261325 139
261325 140
261325 142
261325 165
261326 4
261326 49
261327 1
261327 16
261327 63
261327 163
261327 191
261328 24
261328 70
261328 130
261328 133
261328 154
261329 49
261329 50
261330 1
261330 6
261330 8
261330 12
261331 54
261331 81
261331 83
261331 103
261331 108
261331 109
261331 115
261331 120
261331 126
261331 133
261331 139
261331 142
261331 143
261331 158
261331 160
261331 171
261331 187
261331 196
261331 200
261332 1
261332 13
261332 29
261332 32
261332 34
261332 36
261332 39
261332 48
261332 53
261332 63
261332 189
261333 24
261333 41
261333 45
261333 47
261333 63
261333 64
261333 98
261333 199
261334 50
261334 67
261334 77
261334 83
261334 165
261335 1
261335 10
261336 69
261336 103
261337 1
261337 61
261337 62
261337 75
261337 138
261337 156
261337 183
261337 186
261338 1
261338 77
261338 115
261338 116
261338 120
261338 140
261338 160
261338 179
261339 1
261339 32
261340 16
261340 17
261341 43
261341 78
261341 85
261341 106
261341 126
261341 163
261341 164
261341 165
261341 166
261341 167
261341 168
261341 169
261341 170
261341 171
261341 172
261341 173
261341 174
261341 175
261341 176
261341 177
261341 178
261341 179
261341 180
261341 181
261341 182
261341 183
261341 184
261341 185
261341 186
261341 187
261341 188
261341 189
261341 190
261341 191
261341 192
261341 193
261341 194
261341 195
261341 196
261341 197
261341 199
261341 200
261342 -310
261343 13
261343 60
261344 45
261344 99
261344 105
261344 106
261344 129
261344 143
261344 144
261344 145
261344 146
261344 147
261344 148
261345 1
261345 2
261345 3
261345 4
261345 5
261345 6
261345 7
261345 8
261345 9
261345 10
261345 12
261345 13
261345 14
261345 15
261345 16
261345 17
261345 18
261345 19
261345 20
261345 21
261345 22
261345 23
261345 24
261345 25
261345 26
261345 27
261345 28
261345 29
261345 30
261345 31
261345 32
261345 33
261345 34
261345 35
261345 36
261345 37
261345 38
261345 39
261345 40
261345 41
261345 42
261345 43
261345 44
261345 45
261345 46
261345 47
261345 48
261345 49
261345 50
261345 51
261345 52
261345 53
261345 54
261345 55
261345 56
261345 57
261345 58
261345 59
261345 60
261345 61
261345 62
261345 63
261345 64
261345 65
261345 66
261345 67
261345 68
261345 69
261345 70
261345 71
261345 72
261345 73
261345 75
261345 77
261345 78
261345 79
261345 81
261345 84
261345 86
261345 88
261345 90
261345 91
261345 93
261345 94
261345 95
261345 103
261345 121
261345 127
261345 132
261345 139
261345 143
261345 144
261345 145
261345 178
261345 186
261345 188
261346 1
261346 7
261346 18
261346 33
261346 51
261346 84
261346 88
261346 91
261346 98
261346 100
261346 103
261346 117
261346 126
261346 127
261346 134
261346 138
261346 141
261346 142
261346 149
261346 164
261346 166
261346 169
261346 171
261346 174
261346 177
261346 179
261346 182
261346 184
261346 185
261346 187
261346 189
261346 195
261346 200
261347 1
261347 2
261347 3
261347 4
261347 5
261347 8
261347 9
261347 10
261347 11
261347 12
261347 13
261347 15
261347 16
261347 17
261347 18
261347 19
261347 29
261348 2
261348 3
261348 4
261348 6
261348 8
261348 11
261348 12
261348 17
261348 18
261348 21
261348 26
261348 28
261348 29
261348 31
261348 33
261348 36
261348 37
261348 38
261348 39
261348 44
261348 46
261348 48
261348 49
261348 50
261348 66
261348 67
261348 70
261348 74
261348 78
261348 80
261348 82
261348 83
261348 95
261348 102
261348 120
261348 124
261348 125
261348 128
261348 136
261348 138
261348 139
261348 143
261348 153
261348 154
261348 155
261348 156
261348 157
261348 158
261348 159
261348 160
261348 161
261348 162
261348 163
261348 164
261348 165
261348 166
261348 167
261348 168
261348 169
261348 170
261348 171
261348 172
261348 173
261348 174
261348 175
261348 176
261348 177
261348 178
261348 179
261348 180
261348 181
261348 182
261348 183
261348 184
261348 185
261348 186
261348 187
261348 188
261348 189
261348 190
261348 191
261348 192
261348 193
261348 194
261348 195
261348 196
261348 197
261348 198
261348 199
261348 200
261349 1
261349 2
261349 3
261349 4
261349 5
261349 6
261349 15
261349 16
261349 19
261349 22
261349 25
261349 27
261349 28
261349 31
261349 33
261349 36
261349 42
261349 44
261349 47
261349 49
261349 51
261349 52
261349 53
261349 54
261349 55
261349 56
261349 57
261349 58
261349 59
261349 60
261349 61
261349 62
261349 63
261349 65
261349 66
261349 68
261349 69
261349 70
261349 71
261349 72
261349 73
261349 74
261349 75
261349 76
261349 77
261349 81
261349 83
261349 84
261349 85
261349 86
261349 87
261349 88
261349 89
261349 91
261349 92
261349 93
261349 94
261349 95
261349 96
261349 97
261349 98
261349 99
261349 100
261349 101
261349 102
261349 103
261349 104
261349 105
261349 106
261349 107
261349 108
261349 109
261349 110
261349 111
261361 -310
261362 -310
261363 -310
261364 -310
261365 -310
261366 -310
261367 -310
261368 -310
261369 -310
261370 -310
261371 -310
261373 -310
261376 -310
261377 -310
261378 -310
261380 1
261380 4
261380 5
261380 30
261380 36
261380 81
261380 87
261380 135
261381 2
261381 5
261381 74
261381 120
261381 121
261382 48
261382 53
261382 111
261382 113
261382 160
261383 -310
261384 -310
261385 82
261385 128
261385 186
261385 192
261386 11
261386 15
261386 20
261387 47
261387 65
261387 101
261387 135
261387 160
261387 162
261387 166
261387 176
261387 178
261388 1
261388 19
261388 32
261388 34
261388 40
261388 41
261388 48
261388 50
261388 51
261388 52
261388 53
261388 56
261388 57
261388 58
261388 60
261388 61
261388 64
261388 65
261388 96
261388 123
261388 125
261388 129
261389 8
261389 46
261389 52
261389 62
261389 109
261389 158
261389 193
261390 103
261390 146
261390 172
261391 1
261392 117
261392 132
261392 139
261393 85
261393 95
261393 132
261394 42
261394 57
261394 77
261396 -310
261400 117
261400 122
261401 44
261402 49
261402 97
261402 113
261403 1
261403 15
261404 6
261404 10
261405 3
261405 9
261406 1
261406 11
261406 13
261406 55
261406 57
261406 85
261407 93
261407 118
261407 131
261407 156
261408 6
261408 8
261408 28
261408 52
261408 100
261408 116
261408 138
261408 144
261408 150
261408 164
261408 172
261408 174
261408 183
261408 188
261408 192
261409 18
261409 36
261409 44
261409 59
261409 66
261409 70
261409 166
261409 172
261409 186
261412 14
261412 36
261413 7
261413 31
261413 47
261413 48
261413 88
261413 109
261420 1
261421 30
261422 134
261423 1
261423 6
261423 26
261423 27
261424 1
261424 3
261424 60
261427 7
261427 14
261427 15
261431 2
261431 3
261431 4
261431 6
261431 8
261431 10
261432 8
261432 11
261432 43
261432 59
261432 75
261432 91
261432 92
261432 99
261432 103
261432 132
261432 133
261432 144
261432 154
261432 155
261432 185
261432 193
261432 194
261432 198
261432 199
261433 11
261433 15
261433 16
261433 20
261433 27
261433 34
261433 38
261433 42
261433 48
261433 50
261433 53
261433 68
261433 72
261433 76
261433 95
261433 96
261433 97
261433 98
261433 99
261433 100
261433 101
261433 102
261433 103
261433 104
261433 105
261433 106
261433 107
261433 108
261433 109
261433 110
261433 111
261433 112
261433 113
261433 114
261433 115
261433 116
261433 117
261433 118
261433 119
261433 120
261433 121
261433 122
261433 123
261433 124
261433 125
261433 126
261433 127
261433 128
261433 129
261433 130
261433 131
261433 132
261433 133
261433 134
261433 135
261433 136
261433 137
261433 138
261433 139
261433 140
261433 141
261433 142
261433 143
261433 144
261433 145
261433 146
261433 147
261433 148
261433 149
261433 150
261433 151
261433 152
261433 153
261433 154
261433 155
261433 156
261433 157
261433 158
261433 159
261433 160
261433 161
261433 162
261461 -310
261462 -310
261463 21
261463 22
261463 30
261463 37
261466 -310
261467 1
261467 13
261467 23
261467 54
261468 63
261468 64
261468 80
261468 81
261468 87
261468 88
261468 90
261468 92
261468 94
261468 95
261468 96
261468 97
261468 100
261468 101
261468 102
261468 105
261468 107
261468 108
261468 109
261468 110
261468 111
261468 114
261468 116
261468 120
261468 125
261468 128
261468 131
261468 132
261468 134
261468 138
261468 140
261468 141
261468 142
261468 143
261468 144
261468 146
261468 147
261468 148
261468 149
261468 150
261468 153
261468 154
261468 156
261468 158
261468 159
261468 163
261468 164
261468 166
261468 169
261468 173
261468 174
261468 176
261468 178
261468 182
261468 183
261468 184
261468 186
261468 187
261468 188
261468 189
261468 190
261468 191
261468 192
261468 194
261468 195
261468 196
261468 197
261468 198
261468 199
261468 200
261469 -310
261470 1
261470 2
261470 3
261470 4
261470 6
261470 9
261470 10
261470 11
261470 12
261470 13
261470 14
261470 15
261470 19
261470 22
261470 23
261470 25
261470 26
261470 27
261470 29
261470 33
261470 34
261470 36
261470 37
261470 39
261470 42
261470 43
261470 52
261470 62
261470 65
261470 67
261470 71
261470 76
261477 117
261477 163
261478 1
261478 33
261478 143
261478 155
261478 165
261479 1
261479 8
261479 51
261480 95
261480 113
261481 -310
261482 1
261485 48
261485 78
261485 79
261485 80
261485 85
261485 90
261487 50
261487 182
261487 183
261490 -310
261491 -310
261492 61
261492 82
261492 130
261493 1
261493 93
261495 -310
261496 8
261496 32
261496 61
261496 69
261496 70
261496 77
261496 79
261496 123
261496 167
260850 -310
261308 -310
261399 -310
261397 -310
261475 -310
261476 -310
261314 -310
261432 -310
261433 -310
261337 -310
