261515 6
261515 29
261515 30
261515 34
261515 50
261515 61
261515 87
261516 1
261516 2
261516 4
261516 5
261516 6
261516 8
261516 11
261516 17
261516 18
261516 23
261516 25
261517 1
261517 2
261517 3
261517 6
261517 8
261517 9
261517 11
261517 13
261517 16
261517 33
261517 41
261517 42
261517 46
261517 47
261517 48
261517 51
261517 52
261517 55
261517 62
261517 65
261517 70
261517 72
261517 73
261517 74
261517 76
261517 80
261517 82
261517 83
261517 84
261517 86
261517 87
261517 89
261517 92
261517 105
261517 118
261517 126
261517 128
261517 200
261520 1
261520 58
261521 1
261526 1
261526 12
261526 62
261526 63
261526 64
261526 65
261526 66
261530 1
261531 1
261531 5
261531 6
261531 7
261531 8
261531 9
261531 13
261531 14
261531 15
261531 16
261531 17
261531 18
261531 23
261531 24
261531 25
261531 26
261531 27
261531 28
261531 29
261531 30
261531 31
261531 32
261531 33
261531 34
261531 35
261531 39
261531 40
261531 41
261531 42
261531 43
261531 44
261531 69
261531 70
261531 87
261531 89
261531 90
261531 91
261531 92
261531 93
261531 128
261531 192
261532 84
261533 109
261533 122
261534 9
261534 12
261536 15
261538 45
261538 90
261538 91
261538 101
261538 117
261538 118
261538 119
261538 120
261538 121
261538 122
261538 123
261538 127
261540 1
261540 73
261541 1
261541 9
261541 35
261541 36
261541 95
261541 111
261541 153
261541 154
261541 181
261541 182
261541 200
261542 47
261542 75
261542 143
261542 158
261542 188
261542 195
261554 9
261554 11
261554 13
261554 19
261554 24
261554 32
261554 33
261554 45
261554 46
261554 47
261554 48
261554 51
261554 53
261554 54
261554 60
261554 64
261554 75
261554 80
261554 81
261554 86
261554 93
261554 94
261554 104
261554 110
261554 111
261554 117
261554 129
261555 14
261556 20
261558 4
261558 44
261559 12
261559 55
261559 58
261559 61
261561 1
261561 15
261561 17
261561 31
261561 87
261561 93
261569 1
261569 4
261569 5
261569 6
261569 7
261569 11
261569 13
261569 14
261569 15
261569 16
261569 17
261569 18
261569 19
261569 21
261569 22
261569 23
261569 24
261569 25
261569 26
261569 27
261569 28
261569 30
261569 31
261569 32
261569 34
261569 35
261569 36
261569 37
261569 39
261569 41
261569 42
261569 43
261569 45
261569 49
261569 51
261569 63
261569 69
261571 1
261571 4
261571 9
261571 20
261571 37
261571 41
261571 42
261571 45
261571 48
261573 1
261573 14
261573 15
261574 1
261574 2
261574 3
261574 6
261575 1
261575 6
261575 7
261575 8
261575 12
261575 13
261575 15
261575 17
261575 18
261575 21
261575 22
261575 29
261575 34
261575 38
261575 49
261575 50
261575 52
261575 54
261575 55
261575 58
261575 59
261575 61
261575 62
261575 64
261575 65
261575 67
261575 68
261575 70
261575 73
261575 74
261575 75
261575 77
261575 78
261575 79
261575 81
261575 83
261575 84
261575 98
261575 108
261575 111
261576 1
261576 10
261576 102
261576 189
261576 191
261577 1
261577 50
261577 53
261578 1
261581 -310
261582 -310
261586 1
261587 1
261590 118
261590 119
261590 120
261590 121
261590 122
261590 123
261590 124
261590 125
261590 126
261590 127
261590 128
261590 129
261590 130
261590 131
261590 132
261590 133
261590 134
261590 135
261590 136
261590 137
261590 138
261590 139
261590 140
261590 141
261590 142
261590 143
261590 144
261590 145
261590 146
261590 147
261590 148
261590 149
261590 150
261590 151
261590 152
261590 153
261590 154
261590 155
261590 156
261590 157
261590 158
261590 159
261590 160
261590 161
261590 162
261590 163
261590 164
261590 165
261590 166
261590 167
261590 168
261590 169
261590 170
261590 171
261590 172
261590 173
261591 -310
261592 -310
261593 -310
261594 -310
261597 47
261597 57
261597 58
261597 61
261597 62
261598 46
261598 53
261598 78
261599 1
261599 133
261599 143
261599 149
261599 151
261599 154
261599 157
261599 159
261599 161
261599 167
261599 169
261599 171
261599 175
261599 177
261599 179
261599 182
261599 183
261599 185
261599 187
261599 189
261599 193
261599 197
261599 199
261601 1
261601 10
261601 22
261601 24
261601 30
261601 38
261601 198
261601 199
261602 22
261602 93
261602 107
261602 181
261602 182
261603 126
261603 127
261603 151
261603 162
261603 164
261603 165
261603 166
261603 185
261603 186
261603 187
261603 188
261603 190
261603 191
261603 200
261604 1
261604 9
261604 10
261604 11
261604 12
261604 14
261604 15
261604 16
261604 18
261604 19
261605 2
261605 3
261605 5
261605 6
261605 8
261605 9
261606 30
261606 31
261608 -310
261611 9
261611 36
261611 73
261612 2
261612 22
261613 27
261613 51
261613 52
261613 53
261613 54
261613 55
261613 56
261613 57
261613 58
261613 59
261613 60
261613 61
261613 62
261613 63
261613 64
261613 65
261613 66
261613 67
261613 68
261613 69
261613 70
261613 71
261613 72
261613 73
261613 74
261614 -310
261615 1
261615 12
261615 31
261616 48
261616 49
261616 50
261616 51
261616 52
261616 53
261616 54
261616 55
261616 56
261616 57
261616 58
261616 59
261616 60
261616 61
261616 62
261616 63
261616 64
261616 65
261616 66
261616 67
261616 68
261616 69
261616 70
261616 71
261616 72
261616 73
261616 74
261616 75
261616 76
261616 77
261616 78
261617 1
261617 45
261618 1
261618 23
261618 40
261618 54
261618 62
261618 63
261618 72
261618 91
261618 96
261618 98
261618 99
261618 112
261618 113
261618 114
261618 115
261618 116
261618 117
261618 118
261618 119
261618 120
261618 121
261618 122
261618 123
261618 124
261618 125
261618 126
261618 127
261618 128
261618 129
261618 130
261618 131
261618 132
261618 133
261618 134
261618 135
261618 136
261618 137
261618 138
261618 139
261618 140
261618 141
261618 142
261618 143
261618 144
261618 145
261619 1
261619 2
261619 5
261619 7
261619 9
261619 10
261620 1
261620 145
261621 1
261621 2
261621 3
261621 4
261621 5
261621 6
261621 7
261621 8
261621 9
261621 10
261621 11
261621 12
261621 13
261621 14
261621 15
261621 16
261621 17
261621 25
261622 82
261622 83
261622 84
261622 85
261623 1
261623 2
261623 3
261623 4
261623 5
261623 6
261623 7
261623 8
261623 9
261623 10
261623 11
261623 12
261623 13
261623 14
261624 61
261624 65
261624 164
261624 172
261626 1
261626 2
261626 3
261626 4
261626 5
261626 6
261626 7
261626 8
261626 9
261626 10
261626 11
261626 12
261626 13
261626 14
261626 15
261626 16
261626 17
261626 18
261626 19
261626 20
261626 21
261626 22
261626 23
261626 24
261626 25
261626 26
261626 27
261626 28
261626 29
261626 30
261626 31
261626 32
261626 33
261626 34
261626 35
261626 36
261626 37
261626 38
261626 39
261626 41
261626 44
261627 1
261627 142
261628 1
261628 5
261628 32
261628 33
261628 34
261628 35
261628 36
261628 37
261628 38
261628 39
261628 40
261628 41
261628 42
261628 43
261628 44
261628 45
261628 46
261628 47
261628 48
261628 49
261628 50
261628 51
261628 52
261628 53
261628 54
261628 55
261628 56
261628 57
261628 58
261628 59
261628 60
261628 61
261628 62
261628 63
261628 64
261628 65
261628 66
261628 67
261628 68
261628 69
261628 70
261628 71
261628 72
261628 73
261628 74
261628 75
261628 76
261628 77
261628 78
261628 79
261628 80
261628 81
261628 82
261628 83
261628 84
261628 85
261628 86
261628 87
261628 88
261628 89
261628 90
261628 91
261628 92
261628 93
261628 96
261628 136
261628 196
261629 1
261636 -310
261638 -310
261643 22
261643 23
261643 24
261643 25
261643 27
261643 28
261643 29
261643 30
261643 31
261643 32
261643 33
261643 34
261643 35
261643 36
261643 37
261643 38
261643 39
261643 40
261643 41
261643 42
261643 43
261643 44
261643 45
261643 46
261643 47
261643 48
261643 49
261643 50
261643 51
261643 52
261643 53
261643 54
261643 55
261643 56
261643 57
261643 58
261643 59
261643 60
261643 61
261643 62
261643 63
261643 64
261643 65
261643 66
261643 67
261643 69
261643 70
261643 71
261643 72
261643 73
261643 74
261643 75
261643 76
261643 77
261643 78
261643 79
261643 80
261643 81
261643 82
261643 83
261643 84
261643 85
261643 86
261643 87
261643 88
261643 89
261643 90
261643 91
261643 92
261643 93
261643 94
261643 95
261643 96
261643 97
261643 98
261643 99
261643 100
261643 101
261643 102
261643 103
261643 104
261643 105
261643 106
261643 107
261643 108
261643 109
261643 110
261643 111
261643 112
261643 113
261643 114
261643 115
261643 116
261643 117
261643 118
261643 119
261643 120
261643 121
261643 122
261643 123
261643 124
261643 125
261643 126
261643 127
261643 137
261643 140
261643 141
261643 177
261644 14
261644 15
261644 18
261644 19
261645 1
261646 1
261646 2
261646 3
261646 4
261646 5
261646 6
261646 7
261646 8
261646 9
261646 10
261646 11
261646 12
261646 13
261646 14
261646 15
261646 16
261646 17
261646 18
261646 19
261646 20
261646 22
261646 24
261646 25
261646 51
261646 99
261647 -310
261648 10
261649 1
261649 2
261649 3
261649 4
261649 5
261649 6
261649 7
261649 8
261649 9
261649 10
261649 11
261649 12
261649 13
261649 14
261649 15
261649 17
261649 60
261649 85
261649 94
261649 102
261649 106
261649 120
261649 121
261649 134
261649 139
261649 143
261649 157
261650 -310
261651 1
261651 2
261651 3
261651 4
261651 5
261651 6
261651 7
261651 8
261651 9
261651 10
261651 11
261651 12
261651 13
261651 14
261651 15
261651 16
261651 17
261651 18
261651 19
261651 20
261651 98
261651 99
261651 100
261651 101
261651 102
261651 103
261651 104
261651 105
261651 106
261651 107
261651 108
261651 109
261651 110
261651 111
261651 112
261651 113
261651 114
261651 115
261651 116
261651 117
261651 118
261651 119
261651 120
261651 121
261651 122
261651 123
261651 124
261651 125
261651 126
261651 127
261651 128
261651 129
261651 130
261651 131
261651 132
261651 135
261651 143
261651 144
261651 145
261651 146
261651 147
261651 151
261651 154
261651 155
261651 156
261651 157
261651 168
261653 -310
261654 -310
261655 -310
261656 -310
261657 1
261657 2
261657 7
261659 5
261659 21
261659 24
261659 46
261659 56
261659 61
261659 67
261659 69
261659 70
261660 1
261660 2
261660 3
261660 4
261660 5
261660 6
261660 7
261660 8
261660 9
261660 10
261660 11
261660 12
261660 13
261660 14
261660 15
261660 16
261660 17
261660 18
261660 151
261660 152
261660 153
261660 154
261660 155
261660 156
261660 158
261660 159
261660 165
261660 166
261660 169
261660 187
261660 188
261660 189
261660 190
261660 191
261660 192
261660 193
261660 194
261661 -310
261662 1
261662 2
261662 3
261662 4
261662 5
261662 6
261662 8
261662 9
261662 10
261662 11
261662 24
261662 25
261662 26
261662 40
261662 41
261662 42
261662 43
261662 44
261662 84
261662 85
261662 86
261662 87
261662 91
261662 117
261662 118
261662 119
261662 121
261662 123
261662 124
261662 125
261662 147
261662 148
261662 149
261662 150
261662 151
261662 152
261662 153
261662 155
261662 156
261662 157
261662 158
261662 159
261662 160
261662 161
261662 162
261662 163
261662 164
261662 165
261662 166
261662 167
261662 168
261662 169
261663 -310
261670 -310
261672 1
261672 6
261672 7
261672 8
261672 9
261672 10
261672 11
261672 12
261672 21
261674 2
261674 3
261674 4
261674 5
261674 6
261674 7
261674 8
261674 9
261674 10
261674 11
261674 12
261674 13
261674 14
261674 15
261674 16
261674 17
261674 18
261674 19
261674 20
261674 21
261674 23
261674 26
261674 146
261674 150
261675 -310
261676 1
261676 2
261676 3
261676 4
261676 5
261676 6
261676 7
261676 8
261676 9
261676 53
261676 69
261676 100
261677 1
261677 2
261677 3
261677 4
261677 5
261677 6
261677 7
261677 8
261677 9
261677 10
261677 11
261677 12
261677 13
261677 14
261677 15
261677 16
261677 17
261677 21
261677 28
261677 30
261677 33
261677 35
261677 41
261677 46
261677 48
261677 49
261678 9
261678 14
261678 15
261678 16
261678 23
261678 32
261678 33
261678 84
261678 97
261678 117
261679 50
261679 68
261679 110
261683 78
261683 92
261683 93
261685 1
261685 22
261685 110
261687 7
261688 1
261688 30
261688 54
261688 55
261688 56
261688 57
261688 58
261688 59
261688 60
261688 61
261688 62
261688 63
261688 64
261688 65
261688 66
261688 67
261688 68
261688 69
261688 70
261688 71
261688 72
261688 73
261688 74
261688 75
261688 76
261688 77
261688 78
261688 79
261688 80
261688 81
261688 82
261688 83
261688 84
261688 85
261688 86
261688 87
261688 88
261688 89
261688 90
261689 -310
261690 -310
261691 135
261691 151
261694 -310
261696 1
261696 44
261696 81
261696 82
261696 83
261696 86
261696 87
261696 91
261696 92
261696 93
261696 94
261696 95
261696 96
261696 97
261696 98
261696 99
261696 100
261696 101
261696 102
261696 103
261696 104
261696 105
261696 106
261696 107
261696 108
261696 109
261696 110
261696 111
261696 112
261696 113
261696 114
261696 115
261696 116
261696 117
261696 119
261697 14
261697 19
261697 24
261697 26
261697 27
261697 28
261697 42
261697 50
261697 52
261697 54
261697 60
261697 104
261698 19
261699 1
261699 132
261699 165
261701 1
261701 82
261701 83
261701 84
261701 85
261701 86
261701 87
261701 88
261701 89
261701 90
261701 91
261701 92
261701 93
261701 94
261701 95
261701 96
261701 97
261701 98
261701 99
261701 100
261701 101
261701 102
261701 103
261701 106
261701 137
261701 169
261702 43
261702 69
261703 -310
261704 10
261705 1
261705 5
261705 9
261705 21
261705 27
261705 31
261707 -310
261709 -310
261710 1
261710 3
261710 15
261710 115
261710 120
261710 121
261710 130
261710 131
261710 137
261710 150
261710 158
261710 159
261710 160
261710 161
261710 190
261710 195
261710 196
261711 49
261711 64
261712 1
261713 -310
261714 1
261714 2
261714 3
261714 4
261714 5
261714 6
261714 7
261714 8
261714 9
261714 10
261714 11
261714 12
261714 13
261714 14
261714 15
261714 18
261714 19
261715 102
261715 103
261715 104
261715 105
261715 106
261715 107
261715 108
261715 109
261715 110
261715 111
261715 112
261715 113
261715 114
261715 115
261715 116
261715 117
261715 118
261715 119
261715 120
261715 121
261715 123
261715 124
261715 125
261716 67
261716 156
261716 157
261716 158
261716 159
261716 160
261716 161
261716 162
261716 163
261716 164
261716 165
261716 166
261716 167
261716 168
261716 169
261716 170
261716 171
261716 172
261716 174
261716 175
261716 176
261716 177
261716 178
261716 179
261716 180
261716 181
261716 182
261716 183
261716 184
261716 185
261716 186
261716 187
261716 188
261717 1
261719 -310
261720 -310
261722 1
261723 83
261723 85
261723 88
261723 90
261723 92
261733 64
261733 118
261733 119
261733 120
261733 121
261733 122
261733 123
261733 124
261733 125
261733 126
261733 127
261733 128
261733 129
261733 130
261733 131
261733 132
261733 133
261733 134
261733 135
261733 136
261733 138
261733 139
261733 140
261733 141
261733 142
261733 145
261733 146
261733 147
261733 148
261733 149
261733 150
261733 152
261733 153
261733 154
261733 155
261733 156
261733 157
261733 158
261733 159
261733 160
261733 161
261733 162
261733 163
261733 164
261733 165
261733 166
261733 167
261733 168
261733 169
261733 170
261733 171
261733 172
261733 173
261733 174
261733 177
261734 12
261734 17
261734 18
261739 1
261739 2
261739 3
261739 6
261739 7
261739 20
261739 23
261739 48
261739 53
261739 54
261739 55
261739 56
261739 57
261739 58
261739 59
261739 60
261739 61
261739 62
261739 63
261739 64
261739 65
261739 66
261739 67
261739 68
261739 69
261739 70
261740 -310
261741 1
261741 75
261741 81
261741 101
261741 105
261741 139
261741 145
261741 149
261741 169
261741 189
261741 191
261742 -310
261743 -310
261744 -310
261745 7
261745 21
261745 45
261745 48
261745 51
261745 55
261745 63
261745 71
261745 72
261745 73
261745 74
261745 77
261745 82
261745 83
261745 93
261745 95
261745 103
261745 105
261745 106
261748 1
261748 2
261748 3
261748 4
261748 5
261748 6
261748 7
261748 8
261748 9
261748 10
261748 11
261748 12
261748 13
261748 14
261748 15
261748 16
261748 17
261748 18
261748 21
261748 31
261748 35
261748 41
261748 50
261748 53
261748 55
261748 61
261748 64
261748 65
261748 68
261748 71
261748 73
261748 77
261748 78
261749 -310
261750 12
261750 17
261750 28
261751 -310
261752 1
261752 9
261752 19
261752 24
261752 27
261752 32
261752 33
261752 41
261752 49
261752 57
261752 81
261752 85
261752 97
261752 99
261752 101
261752 107
261752 109
261752 113
261752 125
261752 133
261752 135
261752 143
261752 145
261752 175
261752 189
261752 193
261752 195
261752 197
261753 11
261753 35
261753 36
261753 37
261753 38
261753 39
261753 40
261753 41
261753 42
261753 43
261753 44
261753 45
261753 46
261753 47
261753 48
261753 49
261753 50
261753 51
261753 52
261753 53
261753 54
261753 55
261753 56
261753 57
261753 58
261753 59
261753 60
261753 61
261753 62
261753 63
261753 64
261753 65
261753 66
261753 67
261753 68
261753 69
261753 70
261753 71
261753 72
261754 1
261754 13
261754 14
261754 15
261754 16
261754 17
261754 18
261754 19
261754 20
261754 21
261754 22
261754 23
261754 24
261754 25
261754 26
261754 27
261754 28
261754 29
261754 30
261754 31
261754 32
261754 33
261754 34
261754 36
261754 37
261755 126
261756 -310
261757 1
261758 34
261758 35
261758 36
261758 37
261758 38
261759 -310
261760 1
261760 2
261760 3
261760 4
261760 5
261760 6
261760 7
261760 8
261760 9
261760 10
261760 11
261760 12
261760 13
261760 14
261760 15
261760 16
261760 17
261760 18
261760 19
261760 20
261760 21
261760 22
261760 23
261760 24
261760 25
261760 26
261760 27
261760 28
261760 29
261760 30
261760 31
261760 32
261760 33
261760 34
261760 35
261760 36
261760 37
261760 38
261760 39
261760 40
261760 41
261760 42
261760 43
261760 44
261760 45
261760 46
261760 47
261760 48
261760 49
261760 50
261760 51
261760 52
261760 53
261760 54
261760 55
261970 9
261970 10
261970 24
261970 28
261970 29
261970 30
261970 34
261970 35
261970 37
261970 39
261970 79
261970 80
261970 81
261970 83
261970 108
261970 110
261970 114
261970 115
261970 121
261970 123
261970 124
261970 126
261970 160
261970 166
261970 168
261970 190
261970 196
261971 14
261971 15
261971 17
261972 1
261972 26
261972 29
261973 1
261973 79
261973 81
261973 170
261973 179
261973 199
261974 1
261974 97
261974 99
261974 103
261975 7
261975 48
261975 90
261975 117
261975 118
261975 161
261975 162
261975 163
261975 164
261975 165
261975 166
261975 167
261975 168
261975 169
261975 170
261975 171
261975 172
261975 173
261975 174
261975 176
261975 177
261975 178
261975 179
261975 180
261975 181
261975 182
261975 183
261975 184
261980 48
261982 95
261982 140
261982 141
261982 142
261982 143
261982 144
261982 145
261982 147
261982 148
261982 149
261982 150
261982 151
261982 152
261982 153
261982 154
261982 155
261982 156
261982 157
261982 158
261982 159
261982 160
261982 161
261982 163
261982 188
261982 189
261982 191
261982 192
261982 193
261982 195
261982 198
261982 199
261982 200
261985 46
261986 -310
261989 1
261994 29
261994 143
261994 157
261994 175
261997 -310
262001 1
262058 192
262059 1
262060 1
262061 1
262061 48
262061 164
262064 174
262064 185
262065 -310
262066 158
262067 172
262069 1
262072 124
262073 51
262073 52
262073 53
262073 54
262073 55
262073 56
262073 57
262073 58
262073 59
262073 60
262073 61
262073 62
262073 63
262073 64
262073 65
262073 66
262073 67
262073 68
262073 69
262073 70
262073 71
262073 72
262073 74
262073 75
262073 76
262073 77
262073 78
262074 -310
262076 149
262076 150
262077 86
262077 87
262078 1
262078 61
262078 114
262078 115
262079 -310
262080 1
262080 27
262080 28
262080 29
262080 32
262080 34
262080 35
262081 72
262081 74
262081 75
262081 76
262081 77
262081 78
262083 -310
262084 -310
262085 33
262085 87
262085 88
262085 89
262085 90
262085 91
262085 92
262085 93
262085 95
262085 96
262085 97
262088 1
262088 47
262088 79
262090 15
262090 20
262090 24
262090 28
262090 30
262090 96
262090 97
262090 98
262090 99
262090 100
262092 1
262093 149
262093 150
262093 151
262093 152
262093 153
262093 154
262093 155
262093 156
262093 157
262093 158
262093 159
262093 160
262093 161
262093 162
262093 163
262093 164
262093 165
262093 166
262093 167
262093 168
262093 169
262093 170
262093 171
262093 173
262093 174
262093 175
262093 176
262093 177
262093 178
262093 179
262093 180
262093 181
262093 182
262093 183
262093 184
262093 185
262093 186
262093 187
262093 188
262095 28
262095 29
262096 2
262097 1
262098 1
262099 1
262099 65
262099 112
262099 113
262099 115
262099 117
262099 118
262099 121
262099 122
262099 123
262099 124
262099 125
262099 126
262099 127
262099 128
262099 131
262099 132
262099 133
262099 135
262099 137
262099 138
262099 139
262099 140
262099 141
262099 142
262099 144
262099 145
262099 146
262099 147
262099 148
262099 149
262099 150
262099 151
262099 152
262099 153
262099 154
262099 155
262099 156
262099 157
262099 158
262099 159
262099 160
262099 162
262099 163
262099 165
262099 166
262099 167
262099 168
262099 169
262099 170
262099 171
262099 172
262099 173
262099 174
262099 175
262099 176
262099 177
262099 178
262099 179
262099 180
262099 181
262099 182
262099 183
262099 184
262099 185
262099 186
262099 187
262099 188
262099 189
262099 190
262099 191
262099 192
262099 193
262099 194
262099 195
262099 196
262099 197
262099 198
262099 199
262099 200
262100 -310
262101 1
262101 2
262101 3
262101 4
262101 5
262101 6
262101 7
262101 8
262101 9
262101 10
262101 11
262101 12
262101 13
262101 14
262101 15
262101 16
262101 17
262101 18
262101 19
262101 20
262101 21
262101 22
262101 23
262101 24
262101 25
262101 26
262101 27
262101 28
262101 29
262101 30
262101 31
262101 32
262101 33
262101 35
262101 36
262101 37
262101 38
262101 39
262101 40
262101 42
262101 43
262101 44
262101 45
262101 46
262101 47
262101 48
262101 49
262101 50
262101 51
262101 53
262101 54
262101 55
262101 56
262101 57
262101 58
262101 59
262101 62
262101 63
262101 65
262101 66
262101 67
262101 68
262101 69
262101 70
262101 71
262101 72
262101 73
262101 74
262101 75
262101 76
262101 77
262101 78
262101 79
262101 80
262101 81
262101 82
262101 83
262101 84
262101 85
262101 86
262101 87
262101 88
262101 89
262101 90
262101 91
262101 92
262101 93
262101 94
262101 95
262101 96
262101 97
262101 98
262101 99
262101 100
262101 101
262101 103
262101 104
262101 105
262101 106
262101 107
262101 108
262101 109
262101 110
262101 111
262101 113
262101 114
262101 115
262101 116
262101 117
262101 118
262101 119
262101 120
262101 121
262101 122
262101 123
262101 124
262101 125
262101 126
262101 127
262101 128
262101 129
262101 130
262101 131
262101 132
262101 133
262101 134
262101 135
262101 136
262102 5
262102 6
262102 7
262102 8
262102 10
262102 35
262102 36
262102 37
262102 38
262102 39
262103 23
262104 1
262106 72
262107 24
262110 1
262110 150
262110 151
262110 152
262110 153
262110 154
262110 155
262110 156
262110 157
262110 158
262110 159
262110 160
262110 161
262110 162
262110 163
262111 -310
262112 -310
262113 -310
262114 -310
262115 -310
262116 -310
262117 -310
262118 -310
262119 -310
262126 -310
262127 -310
262132 3
262132 7
262133 1
262133 167
262134 1
262134 52
262134 92
262134 97
262134 98
262135 43
262135 75
262135 94
262135 127
262136 1
262136 2
262136 40
262137 175
262138 -310
262140 24
262140 25
262140 26
262141 19
262141 20
262141 21
262141 23
262141 25
262141 26
262141 27
262141 28
262141 29
262141 30
262141 31
262141 32
262141 33
262141 34
262141 35
262141 36
262141 37
262141 38
262141 39
262141 40
262141 41
262141 42
262141 43
262141 44
262141 45
262141 46
262141 48
262141 49
262141 50
262141 51
262141 52
262141 53
262141 54
262141 55
262141 56
262141 57
262141 58
262143 158
262145 1
262145 2
262145 3
262145 4
262145 5
262145 6
262145 7
262146 56
262149 1
262149 7
262149 8
262150 16
262166 141
262166 160
262166 162
262167 26
262167 32
262167 39
262167 111
262167 187
262168 1
262168 65
262168 68
262168 71
262168 73
262168 76
262168 78
262168 81
262168 83
262168 86
262168 87
262168 88
262168 89
262168 91
262168 92
262168 93
262168 94
262168 96
262168 97
262168 102
262168 123
262168 124
262168 125
262168 126
262168 127
262168 129
262168 130
262168 131
262168 132
262168 133
262168 134
262168 135
262169 99
262170 1
262171 -310
262172 58
262174 1
262174 22
262174 23
262174 61
262174 64
262174 65
262174 67
262174 68
262174 70
262174 71
262174 72
262174 73
262174 74
262174 75
262174 76
262174 77
262174 78
262175 9
262175 10
262175 11
262175 13
262175 18
262176 36
262176 37
262176 38
262176 39
262176 40
262176 41
262176 42
262176 43
262176 44
262176 45
262176 46
262176 47
262176 48
262176 49
262176 50
262176 51
262176 52
262176 53
262176 54
262176 55
262176 56
262176 57
262176 58
262176 59
262176 60
262176 61
262176 62
262176 63
262176 64
262176 65
262176 66
262176 67
262176 68
262176 69
262176 70
262176 71
262176 72
262176 73
262176 74
262176 75
262176 76
262176 77
262176 78
262176 79
262176 80
262176 81
262176 82
262176 83
262176 84
262176 85
262176 86
262176 87
262176 88
262176 89
262176 90
262176 91
262176 92
262176 93
262176 94
262176 95
262176 96
262176 97
262176 98
262176 99
262176 100
262176 101
262181 -310
262182 -310
262183 1
262183 22
262183 25
262184 -310
262185 -310
262186 1
262186 10
262186 11
262186 12
262186 14
262186 15
262186 18
262187 -310
262188 -310
262189 1
262190 -310
262191 1
262191 5
262191 7
262191 13
262191 22
262191 38
262191 45
262191 50
262191 51
262191 53
262191 54
262191 55
262191 56
262191 57
262191 58
262191 59
262191 60
262191 61
262191 62
262191 63
262191 64
262191 65
262191 66
262191 67
262191 68
262191 69
262191 70
262191 71
262191 74
262191 75
262191 77
262191 78
262191 79
262191 80
262191 81
262191 82
262191 84
262191 86
262191 88
262191 90
262192 161
262192 167
262194 115
262194 132
262194 151
262195 1
262197 25
262197 75
262197 111
262197 136
262197 139
262197 140
262197 141
262197 142
262197 143
262197 144
262197 146
262201 -310
262202 153
262203 5
262203 9
262203 21
262203 141
262203 165
262203 166
262203 167
262203 168
262203 169
262203 170
262203 171
262203 172
262203 173
262203 174
262203 175
262203 176
262203 177
262203 178
262203 179
262203 180
262203 181
262203 182
262203 183
262203 184
262203 185
262203 186
262203 187
262203 188
262203 189
262203 190
262203 191
262203 192
262203 193
262203 194
262203 195
262203 196
262203 197
262203 198
262203 199
262203 200
262204 -310
262205 120
262205 122
262205 128
262205 130
262206 20
262206 21
262206 127
262208 -310
262211 -310
262212 -310
262215 1
262216 51
262217 1
262218 1
262220 1
262220 89
262221 1
262221 14
261557 -310
261579 -310
261580 -310
261583 -310
261600 -310
261669 -310
261671 -310
261686 -310
261692 -310
261693 -310
261695 -310
261700 -310
261761 -310
262070 -310
262075 -310
262105 -310
262109 -310
262147 -310
262209 -310
261522 -310
261526 -310
261530 -310
261531 -310
261532 -310
261533 -310
261534 -310
261536 -310
261537 -310
261538 -310
261539 -310
261540 -310
261541 -310
261542 -310
261543 -310
261567 -310
261632 -310
261633 -310
261634 -310
261635 -310
261637 -310
261658 -310
261737 -310
261991 -310
261992 -310
261995 -310
261996 -310
261998 -310
261999 -310
262000 -310
262002 -310
262003 -310
262004 -310
262005 -310
262006 -310
262007 -310
262008 -310
262009 -310
262010 -310
262011 -310
262012 -310
262013 -310
262014 -310
262015 -310
262016 -310
262017 -310
262018 -310
262019 -310
262020 -310
262021 -310
262022 -310
262023 -310
262024 -310
262025 -310
262026 -310
262027 -310
262028 -310
262029 -310
262128 -310
262129 -310
262130 -310
262131 -310
262140 -310
261691 -310
