262370 1
262370 6
262370 9
262371 1
262371 6
262371 10
262371 16
262377 1
262377 8
262377 11
262377 22
262377 23
262377 25
262377 51
262377 56
262377 65
262377 67
262377 68
262377 74
262377 78
262377 86
262377 101
262377 107
262377 112
262377 114
262378 4
262378 16
262378 23
262379 26
262379 65
262379 73
262379 81
262380 125
262380 126
262380 163
262381 11
262381 33
262381 69
262381 122
262381 135
262382 3
262382 145
262383 13
262384 124
262384 125
262384 126
262384 127
262384 128
262384 129
262384 130
262384 131
262384 132
262384 133
262384 134
262384 135
262384 136
262384 137
262384 138
262384 140
262392 1
262392 3
262392 5
262392 6
262392 13
262392 14
262392 15
262392 16
262392 19
262392 28
262392 33
262392 35
262392 37
262392 39
262392 40
262392 42
262392 45
262392 46
262392 52
262392 54
262392 57
262392 58
262392 60
262392 62
262392 64
262392 67
262392 68
262392 69
262392 72
262392 75
262392 76
262392 77
262392 78
262392 79
262392 80
262392 81
262392 82
262392 85
262392 86
262392 87
262392 88
262392 90
262392 91
262392 93
262392 95
262392 97
262392 98
262392 102
262392 104
262392 106
262392 108
262392 109
262392 112
262392 114
262392 115
262392 116
262392 185
262392 186
262392 187
262392 189
262393 1
262393 43
262393 90
262393 112
262393 186
262394 70
262394 77
262394 144
262395 1
262395 72
262395 82
262396 -310
262398 46
262398 47
262398 50
262399 1
262399 121
262400 53
262442 12
262442 36
262443 48
262443 73
262443 185
262445 1
262445 47
262446 1
262447 172
262448 144
262448 166
262448 168
262448 175
262449 1
262449 206
262449 208
262450 36
262450 37
262450 134
262451 133
262452 20
262453 1
262453 164
262453 194
262454 3
262455 -310
262459 1
262461 168
262461 170
262461 181
262461 182
262461 191
262461 192
262461 199
262520 1
262520 2
262520 5
262520 8
262520 14
262520 18
262521 1
262522 16
262522 34
262522 35
262522 81
262522 82
262522 83
262523 117
262523 119
262525 1
262525 11
262525 24
262525 56
262525 57
262525 58
262525 59
262525 60
262525 61
262525 62
262525 63
262525 64
262525 65
262525 66
262525 67
262525 68
262525 69
262525 70
262525 151
262526 -310
262527 10
262527 38
262527 44
262528 1
262528 70
262530 1
262530 46
262531 1
262533 42
262533 43
262533 84
262533 175
262534 53
262534 113
262534 114
262534 118
262534 126
262534 127
262534 128
262534 129
262534 130
262534 131
262534 132
262534 133
262534 184
262534 190
262534 194
262535 -310
262536 12
262536 112
262536 115
262536 125
262536 128
262536 131
262536 135
262537 1
262537 88
262537 172
262538 4
262539 1
262539 25
262539 120
262539 152
262540 28
262587 1
262587 2
262587 10
262587 22
262587 33
262588 1
262590 1
262592 1
262592 32
262592 36
262592 163
262592 168
262592 169
262592 170
262592 171
262592 172
262592 173
262592 174
262592 175
262592 178
262592 179
262593 1
262594 1
262594 2
262594 3
262594 4
262594 5
262594 6
262594 7
262594 8
262594 9
262594 10
262594 11
262594 14
262594 16
262594 17
262594 18
262594 19
262594 20
262594 21
262594 24
262594 25
262594 29
262594 30
262594 31
262594 32
262594 33
262594 34
262594 35
262594 36
262594 37
262594 38
262594 39
262594 40
262594 41
262594 42
262594 43
262594 44
262594 45
262594 46
262594 47
262594 48
262594 49
262594 50
262594 51
262594 52
262594 53
262594 54
262594 55
262594 56
262594 57
262594 58
262594 59
262594 60
262594 61
262594 62
262594 63
262594 64
262594 65
262594 66
262594 67
262594 68
262594 69
262594 70
262594 71
262594 72
262594 73
262594 74
262594 75
262594 76
262594 77
262594 78
262594 79
262594 80
262594 81
262594 82
262594 83
262594 84
262594 85
262594 86
262594 87
262594 88
262594 89
262594 90
262594 91
262594 92
262594 93
262594 94
262594 95
262594 96
262594 97
262594 98
262594 99
262594 100
262594 101
262594 142
262594 143
262594 144
262594 145
262594 148
262594 149
262594 150
262595 29
262595 73
262595 74
262595 75
262595 76
262595 77
262595 78
262595 79
262595 80
262595 81
262595 82
262595 83
262595 84
262595 85
262595 86
262595 87
262595 88
262595 89
262595 90
262595 91
262595 92
262595 93
262595 94
262595 95
262595 96
262595 97
262595 98
262595 99
262595 100
262595 101
262595 102
262595 103
262595 104
262595 105
262595 106
262595 107
262595 108
262595 109
262595 110
262595 111
262595 112
262595 113
262595 114
262595 148
262596 56
262596 59
262596 102
262596 103
262596 104
262596 105
262596 106
262596 107
262596 108
262596 109
262596 110
262596 111
262596 112
262596 113
262596 114
262596 115
262596 116
262596 117
262596 118
262596 119
262596 120
262596 121
262596 122
262596 123
262596 124
262596 125
262596 126
262596 127
262596 128
262596 129
262596 130
262596 131
262596 132
262596 133
262596 134
262596 135
262596 136
262596 182
262596 196
262597 7
262597 15
262597 17
262597 65
262597 66
262597 67
262597 68
262597 69
262597 70
262597 71
262597 72
262597 73
262597 74
262597 75
262597 76
262597 77
262597 78
262597 79
262597 80
262597 81
262597 82
262597 83
262597 84
262597 85
262597 86
262597 87
262597 88
262597 89
262597 90
262597 91
262597 92
262597 93
262597 94
262597 95
262597 96
262597 97
262597 98
262597 99
262597 100
262597 101
262597 102
262597 103
262597 104
262597 105
262597 106
262597 107
262597 108
262597 109
262597 110
262597 111
262597 112
262597 113
262597 114
262597 115
262597 116
262597 117
262597 118
262597 119
262597 120
262597 121
262597 122
262597 123
262597 124
262597 125
262597 126
262597 127
262597 128
262606 1
262606 62
262606 63
262606 65
262606 66
262606 67
262606 71
262606 72
262606 73
262608 1
262609 12
262612 1
262612 68
262612 104
262613 1
262613 21
262613 126
262613 174
262614 1
262614 97
262614 162
262615 60
262615 114
262616 117
262617 1
262618 1
262618 73
262620 -310
262621 -310
262622 84
262623 9
262624 -310
262627 10
262627 11
262628 9
262628 117
262628 120
262628 123
262629 43
262629 89
262630 2
262630 26
262630 76
262630 77
262630 78
262630 79
262630 80
262630 81
262630 82
262630 83
262630 84
262630 85
262630 86
262630 87
262630 88
262630 89
262630 90
262630 91
262630 92
262630 93
262630 94
262630 95
262630 96
262630 97
262630 99
262630 100
262630 101
262630 102
262630 103
262630 104
262630 135
262630 154
262631 76
262632 4
262632 17
262632 18
262633 1
262633 18
262633 19
262633 20
262633 21
262633 22
262633 23
262633 24
262633 25
262633 26
262633 27
262633 28
262633 29
262633 30
262633 31
262633 32
262634 -310
262637 109
262637 137
262638 161
262638 162
262638 163
262638 164
262638 165
262638 166
262638 167
262638 168
262638 169
262638 170
262638 171
262638 172
262638 173
262638 174
262638 175
262638 176
262638 177
262638 178
262638 179
262638 180
262638 181
262638 182
262638 183
262638 184
262638 185
262638 186
262638 187
262638 188
262638 189
262638 190
262638 191
262638 192
262638 193
262638 194
262638 195
262638 196
262638 197
262638 198
262638 199
262638 200
262639 -310
262642 16
262642 17
262642 18
262642 19
262642 20
262642 21
262642 23
262642 24
262642 25
262642 26
262642 27
262642 28
262642 29
262642 30
262642 31
262642 32
262642 33
262642 34
262642 36
262642 37
262642 38
262642 39
262642 41
262642 43
262642 44
262642 45
262642 46
262642 47
262642 49
262642 50
262642 68
262642 101
262642 107
262642 108
262642 113
262642 114
262642 115
262642 116
262642 117
262642 118
262642 170
262643 1
262644 112
262644 155
262645 25
262645 97
262645 98
262645 99
262645 100
262645 101
262645 102
262645 103
262645 104
262645 105
262645 106
262645 107
262645 108
262645 109
262645 110
262645 111
262648 193
262649 1
262649 22
262649 23
262649 138
262649 139
262649 140
262649 141
262649 142
262649 143
262649 144
262649 146
262649 147
262649 148
262649 149
262649 150
262649 151
262649 152
262649 153
262649 154
262649 155
262649 156
262649 157
262649 158
262649 160
262649 161
262649 164
262649 165
262649 167
262649 168
262649 170
262649 171
262649 172
262649 173
262649 174
262649 175
262649 176
262649 177
262649 179
262649 180
262649 181
262649 182
262649 183
262649 184
262649 185
262649 186
262649 187
262649 188
262649 189
262649 190
262649 191
262649 192
262649 193
262649 194
262649 195
262649 196
262649 197
262649 198
262649 199
262649 200
262651 29
262651 69
262654 60
262655 1
262656 1
262656 119
262656 133
262657 68
262657 69
262657 70
262657 71
262657 72
262657 73
262657 74
262657 79
262657 80
262659 1
262660 1
262661 -310
262662 6
262662 47
262662 48
262662 49
262662 50
262662 51
262662 52
262662 53
262662 54
262662 55
262662 56
262662 57
262662 58
262662 59
262662 60
262662 61
262662 62
262662 63
262662 64
262662 65
262662 66
262662 67
262662 68
262662 69
262662 70
262662 71
262662 72
262662 73
262662 74
262662 75
262662 76
262663 1
262663 72
262665 1
262666 -310
262668 1
262668 58
262668 95
262668 152
262669 20
262670 -310
262671 -310
262673 1
262673 2
262673 6
262673 10
262673 11
262673 15
262674 1
262674 22
262674 102
262674 103
262674 175
262674 194
262675 30
262675 143
262675 144
262675 145
262675 147
262675 148
262675 149
262675 150
262675 151
262675 153
262675 154
262675 157
262675 166
262675 167
262675 168
262675 193
262675 194
262675 195
262675 196
262675 197
262675 198
262675 199
262675 200
262676 1
262676 16
262679 1
262679 37
262679 38
262679 39
262679 40
262679 41
262679 42
262679 43
262679 44
262679 45
262679 46
262679 47
262679 48
262680 -310
262681 1
262681 31
262681 32
262683 69
262684 59
262684 66
262684 95
262684 131
262684 132
262684 160
262685 66
262685 98
262686 106
262687 1
262687 123
262688 1
262688 5
262688 30
262688 31
262688 32
262688 33
262688 36
262688 38
262690 7
262690 16
262690 63
262691 1
262691 78
262691 94
262692 56
262692 61
262696 1
262698 17
262698 20
262699 -310
262700 199
262703 -310
262704 1
262705 191
262707 200
262708 32
262708 44
262708 62
262709 86
262709 87
262709 88
262710 141
262710 180
262710 181
262710 182
262710 183
262710 184
262710 185
262710 186
262710 187
262710 188
262710 189
262710 190
262710 191
262710 192
262710 193
262710 194
262710 195
262710 196
262710 197
262710 198
262710 199
262710 200
262711 -310
262712 -310
262713 3
262713 69
262717 1
262718 60
262721 104
262721 105
262721 106
262721 109
262721 110
262721 113
262721 115
262721 116
262721 117
262721 118
262721 119
262721 120
262721 122
262721 123
262721 124
262721 125
262721 126
262721 130
262721 131
262721 132
262721 136
262721 137
262721 138
262721 140
262721 141
262721 142
262721 144
262721 145
262721 147
262721 148
262721 149
262721 150
262721 151
262721 152
262721 153
262721 154
262721 155
262721 156
262721 157
262722 -310
262723 -310
262724 -310
262744 39
262744 62
262744 78
262744 149
262744 168
262744 188
262744 189
262745 1
262749 1
262753 10
262753 11
262753 21
262754 13
262754 34
262754 35
262754 45
262754 66
262754 69
262755 31
262755 32
262755 35
262755 67
262755 197
262756 34
262756 192
262757 1
262757 22
262758 1
262758 53
262759 1
262760 70
262762 1
262762 37
262762 51
262762 54
262762 55
262762 57
262762 58
262762 60
262762 61
262763 39
262763 48
262763 110
262763 189
262764 1
262764 91
262764 92
262764 93
262764 94
262764 95
262764 96
262764 97
262764 98
262764 99
262764 100
262764 101
262764 102
262766 52
262766 74
262767 1
262767 72
262770 1
262770 37
262770 145
262770 150
262831 1
262831 5
262831 7
262831 9
262831 20
262831 22
262831 23
262831 24
262831 38
262831 39
262831 40
262831 52
262831 55
262831 80
262831 103
262831 105
262831 118
262831 119
262831 120
262831 121
262831 122
262831 123
262831 126
262831 129
262831 132
262831 133
262831 134
262831 135
262831 136
262831 137
262831 138
262831 139
262831 140
262831 141
262831 142
262831 143
262831 144
262831 145
262831 147
262831 150
262831 153
262831 154
262831 155
262831 156
262831 157
262831 158
262831 159
262831 160
262831 161
262831 162
262831 163
262831 164
262831 165
262831 166
262831 167
262831 168
262831 169
262831 170
262831 171
262831 172
262831 173
262831 174
262831 175
262831 176
262831 177
262831 178
262831 179
262831 180
262831 181
262831 182
262831 183
262831 184
262831 185
262831 186
262831 187
262831 188
262831 189
262831 190
262831 191
262831 192
262831 193
262831 194
262831 195
262831 196
262831 197
262831 198
262831 199
262831 200
262832 -310
262833 1
262833 2
262833 6
262833 9
262833 12
262833 19
262833 25
262833 26
262833 27
262833 28
262833 29
262833 30
262833 31
262833 37
262833 38
262833 40
262833 44
262833 45
262833 52
262833 59
262833 61
262833 63
262833 66
262833 69
262833 70
262833 71
262833 73
262833 79
262833 80
262833 82
262833 83
262833 86
262833 88
262833 89
262833 90
262833 91
262833 92
262833 96
262833 97
262833 99
262833 100
262833 101
262833 105
262833 108
262833 109
262833 110
262833 114
262833 115
262833 119
262833 120
262833 125
262833 128
262833 133
262833 134
262833 138
262833 160
262833 161
262833 172
262833 178
262833 183
262833 185
262833 189
262833 190
262833 191
262833 192
262833 193
262834 -310
262835 1
262835 13
262835 39
262835 46
262835 61
262835 63
262835 74
262835 81
262835 89
262835 103
262835 108
262835 116
262836 21
262837 1
262837 71
262838 2
262838 3
262838 5
262838 13
262839 1
262841 1
262841 2
262843 -310
262845 1
262845 12
262845 136
262846 1
262850 1
262850 28
262850 65
262850 167
262850 189
262850 196
262851 1
262854 -310
262855 49
262855 55
262855 58
262855 59
262855 60
262855 61
262855 63
262855 66
262856 -310
262857 1
262857 15
262858 1
262858 23
262858 33
262858 54
262858 69
262859 1
262859 48
262859 54
262859 69
262859 73
262859 78
262860 -310
262862 49
262863 132
262864 1
262867 170
262867 181
262867 190
262868 55
262868 102
262868 136
262868 138
262868 139
262868 152
262868 153
262868 154
262868 156
262868 157
262868 158
262868 159
262868 160
262868 161
262868 176
262868 177
262868 178
262868 179
262868 180
262868 181
262869 104
262869 106
262869 107
262869 108
262869 109
262869 110
262869 111
262869 112
262869 113
262869 186
262869 187
262871 2
262871 3
262872 -310
262873 -310
262874 1
262875 43
262876 22
262876 70
262876 141
262876 142
262876 143
262876 144
262876 145
262876 146
262876 147
262876 148
262876 149
262876 150
262876 151
262877 -310
262878 -310
262879 1
262879 47
262880 109
262880 115
262880 121
262882 1
262882 15
262884 91
262884 112
262884 124
262886 -310
262888 -310
262889 -310
262894 1
262894 7
262894 9
262894 18
262894 20
262894 44
262894 53
262894 59
262894 70
262894 74
262894 76
262894 80
262894 86
262894 87
262894 90
262894 94
262894 106
262894 107
262894 110
262894 111
262894 112
262894 121
262894 122
262894 123
262894 125
262894 127
262894 128
262894 130
262894 131
262894 133
262894 134
262894 135
262894 140
262894 141
262894 151
262894 152
262894 154
262894 155
262894 163
262894 166
262894 170
262894 172
262894 176
262894 177
262894 178
262894 180
262894 181
262894 183
262894 184
262894 186
262894 188
262894 192
262894 194
262895 7
262895 8
262895 9
262895 10
262895 11
262895 12
262895 13
262895 14
262895 15
262895 16
262895 17
262895 18
262898 1
262898 75
262898 89
262898 95
262898 116
262898 118
262898 119
262898 145
262898 153
262898 175
262898 176
262898 196
262901 1
262901 11
262901 64
262901 94
262901 116
262901 117
262901 118
262901 119
262902 -310
262903 -310
262904 -310
262905 8
262905 9
262906 -310
262907 1
262907 61
262907 63
262907 167
262907 196
262908 1
262908 38
262909 146
262910 1
262913 6
262913 7
262913 8
262913 9
262913 10
262913 11
262913 12
262913 13
262913 14
262913 28
262913 29
262913 30
262913 57
262913 64
262913 71
262913 74
262913 75
262913 84
262913 85
262913 86
262913 91
262913 136
262914 56
262914 200
262915 11
262917 46
262917 145
262917 169
262918 12
262919 1
262919 14
262920 18
262920 174
262922 1
262922 23
262923 20
262923 22
262923 111
262923 120
262923 121
262923 122
262923 123
262926 66
262926 97
262927 12
262927 13
262927 14
262927 15
262927 16
262927 17
262927 18
262927 19
262927 20
262927 21
262927 22
262927 23
262927 24
262927 25
262927 26
262927 27
262927 28
262927 29
262927 30
262927 31
262927 32
262927 33
262927 34
262927 35
262928 -310
262929 1
262930 86
262931 1
262931 99
262931 120
262931 125
262931 145
262931 148
262932 1
262932 2
262932 72
262932 151
262933 -310
262934 -310
262935 -310
262936 -310
262937 -310
262938 -310
262939 -310
262940 -310
262941 -310
262942 -310
262944 -310
262945 -310
262952 -310
262953 -310
262954 -310
262955 -310
262957 17
262957 122
262957 124
262957 125
262957 126
262957 127
262957 129
262957 130
262957 131
262957 132
262957 133
262957 134
262957 135
262957 136
262957 137
262957 138
262957 139
262957 140
262957 141
262957 142
262957 143
262957 144
262957 145
262957 146
262957 147
262957 148
262957 149
262958 1
262958 67
262960 76
262960 83
262960 84
262960 91
262960 92
262960 94
262960 97
262960 100
262960 103
262960 119
262962 -310
262963 -310
262964 9
262964 28
262964 72
262964 183
262964 184
262965 62
262965 151
262966 6
262966 89
262966 93
262966 96
262966 98
262968 31
262969 1
262970 1
262970 94
262970 95
262970 96
262970 97
262970 141
262970 144
262970 145
262970 156
262970 172
262970 191
262971 63
262971 94
262971 116
262971 144
262971 146
262971 162
262975 1
262975 43
262975 45
262976 1
262978 1
262978 9
262978 12
262979 2
262979 7
262979 8
262979 9
262979 10
262979 11
262979 12
262979 13
262979 14
262979 15
262979 16
262979 17
262979 18
262979 19
262979 20
262979 21
262979 22
262979 23
262979 24
262979 25
262979 26
262979 27
262979 28
262979 29
262979 30
262979 31
262979 32
262980 1
262981 1
262981 16
262981 127
262982 16
262983 7
262983 34
262983 35
262983 36
262983 37
262983 38
262983 39
262983 40
262983 41
262984 2
262984 3
262984 113
262984 114
262984 115
262984 116
262984 117
262984 118
262984 119
262984 120
262984 121
262984 122
262984 123
262984 124
262984 125
262984 126
262984 127
262984 128
262984 129
262984 130
262984 131
262984 132
262984 133
262984 134
262984 135
262984 136
262984 137
262984 138
262984 139
262984 140
262984 141
262984 142
262984 143
262984 144
262984 145
262984 146
262984 147
262984 148
262984 149
262984 150
262984 151
262984 152
262984 153
262984 154
262984 155
262984 156
262984 157
262984 158
262984 159
262984 160
262984 162
262984 163
262984 164
262984 165
262984 166
262984 167
262984 168
262984 169
262984 170
262984 171
262984 172
262984 173
262984 174
262984 175
262984 176
262984 177
262984 178
262984 179
262984 180
262984 181
262984 182
262984 183
262984 184
262984 185
262984 186
262984 187
262984 188
262985 -310
262992 1
262996 1
262997 1
262997 41
262997 53
262997 56
262998 -310
262999 154
263000 1
263000 15
263000 60
263000 69
263000 105
263000 128
263001 126
263001 127
263002 1
263002 32
263002 128
263002 180
263003 130
263004 1
263004 10
263004 11
263004 12
263004 13
263004 14
263004 15
263004 16
263004 17
263004 20
263004 71
263005 93
263005 147
263005 186
263007 32
263007 58
263007 170
263008 1
263008 27
263008 85
263008 86
263008 88
263008 89
263008 90
263008 92
263008 98
263008 99
263008 100
263008 101
263008 102
263008 105
263008 107
263008 136
263008 171
263008 172
263011 1
263011 26
263012 1
263012 157
263013 1
263013 22
263013 41
263013 104
263013 133
263013 154
263013 155
263013 157
263013 159
263013 160
263013 162
263013 164
263013 167
263013 168
263013 170
263013 174
263013 176
263013 177
263013 180
263013 181
263013 182
263013 184
263013 187
263013 188
263013 189
263013 195
263013 196
263013 197
263013 198
263014 3
263014 6
263014 9
263014 13
263014 17
263014 22
263014 25
263017 124
263017 149
263017 164
263018 16
263019 -310
263021 -310
263022 1
263022 16
263022 19
263022 20
263023 1
263024 102
263026 1
263027 1
263027 9
263027 123
263027 124
263027 125
263027 126
263027 129
263028 12
263028 47
263028 76
263028 77
263028 79
263028 83
263028 98
263029 4
263030 34
263030 170
263031 1
263031 11
263031 54
263032 1
263033 1
263033 9
263033 12
263033 13
263033 16
263033 43
263033 161
263034 64
263034 67
263034 85
263034 120
263034 135
263034 139
263034 141
263035 1
263035 27
263035 31
263035 33
263036 6
263036 8
263036 10
263036 14
263036 16
263036 42
263036 60
263036 88
263036 97
263036 104
263036 106
263036 116
263036 120
263036 122
263036 125
263036 126
263036 130
263036 138
263036 158
263036 160
263036 166
263036 171
263036 172
263036 174
263036 176
263037 1
263037 20
263038 1
263038 86
263038 88
263038 106
263038 120
263038 136
263038 146
263038 156
263038 158
263039 -310
263040 1
263040 8
263042 -310
263044 29
263044 48
263045 15
263045 16
263045 58
263045 82
263045 97
263045 105
263046 1
263047 117
263048 90
263048 119
263048 120
263048 130
263048 131
263048 132
263048 133
263048 134
263048 135
263048 137
263048 138
263048 139
263048 140
263048 141
263048 142
263048 143
263049 1
263051 39
263051 160
263051 161
263051 162
263051 200
263052 3
263052 65
263052 71
263052 77
263052 89
263052 97
263052 99
263052 107
263052 109
263052 121
263052 123
263052 135
263052 145
263052 153
263052 165
263054 5
263054 23
263054 57
263054 58
263055 2
263055 29
263055 39
263055 86
263055 109
263055 116
263055 142
263056 109
263056 149
263056 150
263058 11
263069 -310
263070 1
263070 8
263070 9
263070 11
263070 28
263070 87
263070 150
263070 193
263071 12
263071 13
263071 14
263071 15
263071 16
263071 17
263071 18
263071 19
263071 20
263071 21
263071 22
263071 23
263071 24
263071 25
263071 27
263072 1
263072 3
263072 4
263072 7
263072 13
263072 14
263072 25
263072 36
263073 1
263073 2
263073 3
263073 14
263073 23
263073 24
263073 38
263074 2
263074 3
263074 4
263074 30
263074 33
263074 36
263074 38
263074 58
263074 66
263074 101
263074 121
263075 -310
263076 -310
263077 -310
263081 1
263081 37
263081 43
263084 1
263084 25
263084 26
263084 117
263090 87
262524 -310
262529 -310
262607 -310
262625 -310
262636 -310
262646 -310
262653 -310
262677 -310
262678 -310
262689 -310
262771 -310
262840 -310
262885 -310
262887 -310
262899 -310
262988 -310
262989 -310
262990 -310
262991 -310
263041 -310
263043 -310
263082 -310
262442 -310
262443 -310
262445 -310
262446 -310
262447 -310
262448 -310
262449 -310
262450 -310
262451 -310
262452 -310
262453 -310
262454 -310
262455 -310
262457 -310
262458 -310
262459 -310
262460 -310
262461 -310
262520 -310
262521 -310
262522 -310
262523 -310
262524 -310
262525 -310
262526 -310
262527 -310
262528 -310
262529 -310
262530 -310
262531 -310
262533 -310
262534 -310
262535 -310
262536 -310
262537 -310
262538 -310
262539 -310
262540 -310
262587 -310
262588 -310
262589 -310
262590 -310
262591 -310
262592 -310
262593 -310
262594 -310
262595 -310
262596 -310
262597 -310
262605 -310
262606 -310
262607 -310
262608 -310
262609 -310
262610 -310
262372 -310
262373 -310
262374 -310
262375 -310
262376 -310
262444 -310
262569 -310
262570 -310
262571 -310
262572 -310
262573 -310
262574 -310
262575 -310
262576 -310
262577 -310
262578 -310
262579 -310
262580 -310
262581 -310
262582 -310
262583 -310
262584 -310
262585 -310
262746 -310
263060 -310
263061 -310
263062 -310
263063 -310
263064 -310
263065 -310
263066 -310
263067 -310
263068 -310
263080 -310
262721 -310
263014 -310
263027 -310
262382 -310
262880 -310
263040 -310
262706 -310
262959 -310
262930 -310
262663 -310
