263143 1
263143 12
263143 15
263143 16
263143 18
263143 20
263143 21
263143 23
263143 28
263143 29
263143 34
263143 36
263143 37
263143 40
263143 41
263143 45
263143 49
263143 51
263143 53
263143 54
263143 55
263143 58
263143 59
263143 61
263143 62
263143 64
263143 65
263143 70
263143 72
263143 79
263143 81
263143 82
263143 85
263143 86
263143 90
263143 92
263143 93
263143 98
263143 99
263143 101
263143 115
263143 116
263143 121
263143 123
263143 125
263143 126
263143 129
263143 130
263143 132
263143 134
263143 137
263143 138
263143 140
263143 143
263143 145
263143 147
263143 150
263143 152
263143 154
263143 158
263143 161
263143 163
263144 2
263144 5
263144 6
263144 9
263144 13
263144 16
263144 20
263144 26
263144 27
263144 28
263144 29
263144 30
263144 31
263144 32
263144 33
263144 34
263144 35
263144 36
263144 37
263144 38
263144 44
263144 45
263144 46
263144 47
263144 48
263144 55
263144 56
263144 57
263144 58
263144 59
263144 60
263144 62
263144 63
263144 64
263144 65
263144 66
263144 67
263144 68
263144 69
263144 70
263144 71
263145 -310
263146 -310
263147 -310
263149 -310
263150 -310
263151 -310
263152 -310
263153 -310
263154 -310
263167 -310
263168 -310
263169 -310
263170 -310
263171 41
263171 47
263171 59
263171 77
263171 83
263171 85
263171 97
263171 103
263171 104
263171 107
263171 111
263171 115
263171 116
263171 118
263172 1
263172 2
263172 4
263172 6
263172 7
263172 8
263172 10
263172 11
263172 14
263172 15
263172 16
263172 17
263172 18
263172 20
263172 21
263172 24
263172 41
263172 50
263172 54
263173 8
263173 20
263173 22
263173 26
263173 32
263173 35
263173 36
263173 38
263173 52
263173 56
263173 64
263173 71
263173 74
263173 93
263173 96
263173 97
263173 106
263173 108
263173 109
263173 110
263173 111
263173 112
263173 116
263173 119
263173 128
263173 131
263173 147
263173 165
263173 166
263173 167
263173 172
263173 178
263173 193
263173 196
263174 4
263174 10
263175 42
263175 45
263175 53
263175 143
263175 148
263175 184
263176 16
263176 20
263176 24
263176 35
263176 37
263176 43
263176 45
263176 46
263176 53
263176 54
263176 57
263176 59
263176 65
263176 70
263176 77
263176 78
263176 86
263176 92
263176 106
263176 107
263176 132
263176 134
263176 199
263176 200
263177 21
263177 26
263177 28
263177 32
263177 34
263177 42
263177 43
263177 44
263177 46
263177 50
263177 56
263177 57
263177 66
263177 76
263177 79
263177 85
263177 89
263177 96
263177 98
263177 103
263177 104
263177 107
263177 109
263177 110
263177 111
263177 114
263177 115
263177 120
263177 121
263177 124
263177 127
263177 129
263177 132
263177 137
263177 138
263177 140
263177 151
263177 161
263177 162
263177 173
263177 180
263177 187
263177 198
263177 200
263178 11
263178 15
263178 22
263178 26
263178 29
263178 33
263178 34
263178 48
263178 52
263178 58
263178 59
263178 60
263178 79
263178 88
263178 89
263178 90
263178 92
263178 95
263178 96
263178 99
263178 105
263178 106
263178 107
263178 110
263178 111
263178 113
263178 120
263178 121
263178 127
263178 155
263178 171
263179 53
263179 54
263179 72
263179 157
263179 187
263180 1
263180 49
263180 116
263181 149
263181 193
263182 46
263182 70
263184 1
263186 72
263188 70
263188 74
263188 87
263190 3
263190 9
263190 12
263190 19
263190 26
263190 29
263192 2
263192 8
263194 1
263194 15
263194 27
263194 37
263194 44
263194 48
263194 50
263194 51
263194 53
263194 56
263194 75
263194 79
263194 100
263194 153
263194 193
263195 1
263195 27
263195 31
263195 32
263196 -310
263197 -310
263198 1
263198 3
263198 5
263198 6
263198 7
263198 8
263198 9
263198 11
263198 12
263198 14
263198 15
263198 16
263198 17
263198 18
263198 19
263198 24
263198 25
263198 26
263198 28
263198 29
263198 31
263198 34
263198 47
263198 78
263198 86
263198 98
263198 101
263198 102
263198 104
263199 2
263199 4
263199 13
263199 16
263199 17
263199 18
263199 19
263199 20
263199 21
263199 23
263199 25
263199 27
263199 28
263199 29
263199 30
263199 32
263199 35
263199 37
263199 38
263199 39
263199 40
263199 41
263199 43
263199 45
263199 48
263199 55
263199 56
263199 61
263199 64
263199 65
263199 69
263199 72
263199 73
263199 74
263199 75
263199 78
263199 79
263199 80
263199 92
263199 95
263199 96
263201 4
263201 7
263201 13
263201 14
263201 15
263201 22
263201 28
263201 31
263201 32
263201 33
263201 39
263201 43
263201 44
263201 60
263201 61
263201 84
263201 86
263201 87
263201 90
263201 91
263201 94
263201 97
263201 107
263201 108
263201 111
263201 115
263201 119
263201 121
263201 124
263201 125
263201 128
263201 130
263201 131
263201 134
263201 135
263201 138
263201 144
263201 148
263201 149
263201 153
263201 154
263201 158
263201 165
263201 175
263201 185
263201 188
263201 195
263202 4
263202 12
263202 14
263202 18
263202 22
263202 23
263202 24
263202 25
263202 26
263202 27
263202 28
263202 29
263202 31
263202 32
263202 34
263202 36
263202 37
263202 38
263202 41
263202 46
263202 47
263202 48
263202 50
263202 51
263202 53
263202 56
263202 57
263202 59
263202 60
263202 61
263202 64
263202 69
263202 70
263202 73
263202 76
263202 79
263202 80
263202 81
263202 84
263202 85
263202 86
263202 89
263202 90
263202 92
263202 93
263202 95
263202 97
263202 98
263202 101
263202 103
263202 104
263202 106
263202 107
263202 109
263202 110
263202 111
263202 112
263202 114
263202 115
263202 116
263202 118
263202 119
263202 122
263202 123
263202 126
263202 127
263202 128
263202 131
263202 132
263202 133
263202 135
263202 136
263202 137
263202 139
263202 140
263202 141
263202 142
263202 143
263202 144
263202 145
263202 146
263202 147
263202 148
263202 149
263202 150
263202 152
263202 153
263202 154
263202 155
263202 156
263202 157
263202 158
263202 159
263202 160
263202 161
263202 162
263202 167
263202 169
263202 170
263202 171
263202 176
263202 181
263202 182
263202 185
263202 187
263203 3
263203 6
263203 11
263203 12
263203 13
263203 14
263203 15
263203 33
263203 37
263203 41
263203 44
263203 50
263203 53
263203 57
263203 58
263203 61
263203 62
263203 65
263203 70
263203 74
263203 75
263203 78
263203 81
263204 4
263204 6
263204 10
263204 14
263204 17
263204 18
263204 22
263204 23
263204 25
263204 30
263204 33
263204 36
263204 39
263204 40
263204 50
263204 53
263204 56
263204 64
263204 69
263204 73
263204 80
263204 81
263204 85
263204 86
263204 88
263204 89
263204 102
263204 105
263204 121
263204 134
263204 166
263204 167
263204 168
263204 169
263204 170
263204 171
263204 172
263204 175
263204 176
263204 177
263204 178
263204 181
263204 182
263204 184
263204 186
263204 187
263204 188
263204 190
263204 191
263204 193
263204 194
263204 195
263204 198
263204 200
263205 -310
263207 6
263207 7
263207 8
263207 25
263207 26
263207 27
263207 29
263207 36
263207 68
263207 101
263208 9
263208 74
263208 86
263208 101
263208 103
263208 104
263208 109
263208 138
263208 139
263208 140
263208 141
263208 142
263208 143
263209 1
263209 73
263209 74
263209 75
263209 76
263209 77
263209 78
263209 90
263209 108
263209 109
263209 110
263209 111
263209 112
263209 113
263209 114
263209 115
263209 116
263209 117
263209 118
263209 119
263209 120
263209 121
263209 122
263209 123
263209 124
263209 125
263210 1
263210 16
263210 24
263210 25
263210 79
263210 82
263210 86
263210 91
263210 105
263210 138
263210 145
263210 154
263210 155
263211 1
263211 107
263211 160
263211 161
263212 4
263212 11
263212 16
263212 18
263212 162
263212 166
263213 22
263213 25
263213 40
263213 69
263213 73
263213 77
263213 82
263213 85
263213 90
263213 91
263213 92
263213 96
263213 100
263213 101
263213 102
263213 104
263213 105
263213 106
263213 118
263213 123
263213 132
263213 139
263213 142
263213 143
263213 144
263213 155
263213 156
263213 157
263213 158
263215 23
263215 27
263215 47
263216 1
263216 143
263217 1
263217 27
263217 57
263217 58
263217 65
263217 89
263217 90
263217 95
263217 105
263217 110
263217 122
263217 126
263217 135
263217 139
263217 141
263217 144
263217 148
263217 155
263217 161
263217 168
263217 169
263217 170
263217 171
263217 172
263217 173
263217 174
263217 175
263217 176
263217 177
263217 178
263217 183
263217 184
263217 185
263217 186
263217 187
263217 188
263217 189
263217 190
263217 192
263217 194
263217 195
263217 196
263217 197
263217 198
263217 199
263217 200
263218 18
263218 20
263218 22
263218 23
263218 24
263218 25
263218 26
263218 27
263218 38
263218 65
263218 105
263218 113
263218 115
263218 128
263218 141
263218 155
263218 167
263218 171
263218 185
263218 188
263219 14
263219 16
263219 20
263219 55
263219 97
263219 99
263219 118
263219 135
263220 7
263220 8
263220 35
263220 50
263220 52
263220 53
263220 54
263220 71
263220 79
263221 1
263221 2
263221 18
263222 18
263222 66
263222 86
263222 97
263222 111
263222 112
263222 113
263222 114
263222 115
263222 116
263222 117
263222 118
263222 119
263222 120
263222 121
263222 122
263222 123
263222 124
263222 125
263222 126
263222 127
263222 128
263222 129
263222 130
263222 131
263222 132
263222 133
263222 134
263222 135
263222 136
263222 137
263222 138
263222 139
263222 140
263222 141
263222 142
263222 143
263222 144
263222 145
263222 146
263222 147
263222 148
263222 149
263222 150
263222 151
263222 152
263222 153
263222 154
263222 155
263222 156
263222 157
263222 158
263222 159
263222 160
263223 1
263223 7
263223 15
263223 36
263223 45
263223 60
263223 73
263223 86
263223 88
263223 95
263223 105
263223 109
263223 111
263223 112
263224 1
263224 12
263224 13
263224 26
263224 39
263225 28
263225 60
263225 66
263225 78
263225 130
263225 131
263225 133
263225 143
263225 148
263225 149
263225 154
263225 157
263225 158
263225 159
263225 162
263225 163
263225 172
263225 178
263225 182
263225 183
263225 188
263226 -310
263227 1
263227 7
263227 9
263227 10
263227 23
263227 25
263227 34
263227 40
263227 43
263227 58
263227 70
263227 71
263227 72
263227 73
263227 81
263227 91
263227 93
263227 96
263227 103
263227 117
263227 124
263227 125
263227 126
263227 127
263227 128
263227 129
263227 130
263227 131
263227 132
263227 133
263227 134
263227 135
263227 136
263227 137
263227 138
263227 139
263227 141
263227 143
263227 144
263227 145
263227 146
263227 147
263227 148
263227 149
263227 150
263227 151
263227 152
263227 153
263227 154
263227 155
263227 156
263227 157
263227 158
263227 159
263227 160
263227 161
263227 162
263227 163
263227 164
263227 165
263227 166
263227 167
263227 168
263227 169
263227 170
263227 171
263227 172
263228 -310
263229 40
263229 146
263229 147
263229 160
263229 161
263229 169
263229 170
263229 172
263229 176
263229 177
263229 180
263229 181
263229 186
263229 193
263230 1
263230 3
263230 5
263230 14
263230 19
263230 22
263230 27
263230 28
263230 32
263230 44
263230 47
263230 49
263230 52
263230 57
263230 70
263230 74
263230 77
263230 86
263230 94
263230 99
263230 107
263230 120
263230 128
263230 170
263230 178
263230 186
263230 191
263231 -310
263233 11
263236 57
263237 1
263237 3
263237 24
263237 29
263237 33
263237 40
263237 43
263237 44
263237 45
263237 65
263237 75
263237 80
263237 88
263237 90
263237 91
263237 92
263237 93
263237 94
263237 95
263237 96
263237 97
263237 98
263237 99
263237 100
263237 102
263237 103
263237 104
263237 105
263237 106
263237 107
263237 108
263237 109
263237 110
263237 111
263237 113
263237 114
263237 115
263237 117
263237 118
263237 120
263237 121
263237 122
263237 123
263237 124
263237 125
263237 126
263237 128
263237 129
263237 130
263237 131
263237 133
263237 134
263237 135
263237 136
263237 137
263237 138
263237 139
263237 141
263237 142
263237 143
263237 144
263237 145
263237 147
263237 148
263237 149
263237 150
263237 151
263237 152
263237 153
263237 154
263237 155
263237 156
263237 157
263237 158
263237 159
263237 160
263237 161
263237 162
263237 163
263237 164
263237 165
263237 167
263237 168
263237 170
263237 171
263237 172
263237 173
263237 174
263237 175
263237 176
263237 177
263237 178
263238 6
263238 9
263238 18
263238 21
263238 48
263238 54
263238 58
263238 93
263238 110
263238 122
263238 130
263239 68
263239 90
263239 135
263240 1
263240 42
263240 100
263240 141
263240 175
263246 1
263246 191
263247 108
263249 1
263250 64
263250 120
263250 128
263251 1
263251 41
263252 1
263252 20
263252 154
263252 156
263253 1
263253 5
263253 124
263253 125
263253 126
263253 129
263253 130
263253 134
263253 178
263255 47
263255 48
263255 49
263255 50
263255 51
263255 52
263255 53
263255 54
263255 55
263255 56
263255 57
263255 58
263255 59
263255 60
263255 61
263255 62
263255 63
263255 64
263255 65
263255 66
263255 67
263256 1
263256 163
263256 168
263257 31
263257 32
263257 33
263257 34
263257 35
263257 36
263257 37
263257 38
263257 39
263257 40
263257 41
263257 42
263257 43
263257 44
263257 45
263257 46
263257 47
263257 48
263257 49
263257 50
263258 30
263258 51
263258 53
263258 102
263258 150
263258 155
263259 1
263260 1
263260 47
263260 148
263260 196
263261 1
263261 28
263261 132
263261 156
263261 165
263262 -310
263264 -310
263265 1
263266 1
263266 5
263266 50
263267 -310
263268 1
263268 65
263268 78
263268 120
263268 133
263268 153
263268 154
263268 156
263268 182
263268 183
263269 27
263269 175
263269 179
263270 1
263283 13
263283 15
263283 21
263283 25
263283 39
263283 41
263283 42
263283 49
263283 51
263283 58
263283 59
263283 60
263283 61
263284 -310
263285 -310
263286 -310
263287 1
263287 2
263287 3
263287 4
263287 5
263287 6
263288 2
263288 7
263288 8
263288 9
263288 10
263289 19
263289 36
263289 39
263289 40
263289 49
263289 55
263289 62
263289 85
263289 89
263289 101
263289 103
263289 107
263289 120
263289 127
263289 133
263289 147
263289 151
263289 152
263289 155
263289 159
263289 161
263290 1
263290 2
263290 4
263290 5
263291 8
263291 19
263291 23
263291 24
263291 42
263291 54
263291 86
263291 91
263291 154
263291 157
263291 160
263291 164
263292 21
263292 22
263294 77
263295 93
263298 77
263299 1
263299 132
263299 133
263299 153
263299 154
263299 155
263301 1
263301 50
263301 75
263301 77
263301 170
263301 200
263304 83
263305 1
263305 167
263305 168
263305 169
263305 170
263305 171
263305 172
263305 173
263305 175
263305 176
263305 177
263305 178
263305 179
263305 180
263305 181
263305 182
263305 183
263305 184
263305 185
263305 186
263305 187
263305 188
263305 189
263305 192
263305 194
263305 195
263305 196
263305 197
263305 198
263305 199
263306 -310
263308 -310
263309 -310
263310 -310
263311 -310
263312 -310
263313 12
263313 16
263313 22
263313 26
263313 63
263313 72
263313 106
263313 160
263314 106
263314 111
263314 174
263314 175
263314 193
263314 209
263315 -310
263316 1
263318 1
263318 9
263318 57
263318 70
263318 111
263319 7
263319 13
263319 19
263320 142
263322 -310
263325 -310
263326 77
263326 99
263326 121
263326 164
263326 202
263326 203
263327 23
263327 73
263327 93
263327 161
263327 199
263330 153
263330 194
263331 1
263334 -310
263335 -310
263336 -310
263338 3
263338 4
263338 5
263338 6
263338 13
263338 14
263339 1
263339 8
263339 13
263339 30
263339 43
263339 49
263339 53
263339 57
263339 85
263339 113
263339 116
263339 118
263339 143
263339 146
263339 155
263339 188
263341 1
263341 6
263341 21
263341 25
263341 29
263341 54
263341 57
263341 66
263341 68
263341 69
263341 76
263341 85
263341 94
263341 112
263341 121
263341 123
263341 133
263341 142
263341 147
263341 151
263342 1
263342 2
263342 12
263342 14
263342 27
263342 33
263342 57
263342 86
263342 91
263342 97
263342 110
263342 111
263342 156
263342 163
263342 173
263342 182
263342 191
263342 194
263342 196
263344 2
263344 11
263344 15
263344 18
263344 26
263344 30
263344 63
263344 121
263344 144
263344 156
263344 197
263345 1
263346 1
263346 82
263346 140
263386 1
263386 6
263386 12
263386 60
263386 89
263386 92
263386 138
263386 142
263386 188
263387 1
263387 4
263387 5
263387 7
263387 8
263387 10
263387 11
263387 12
263388 1
263388 2
263388 5
263388 15
263388 27
263388 167
263388 183
263388 184
263389 1
263389 30
263389 31
263389 38
263389 45
263389 103
263390 16
263390 20
263392 1
263392 16
263392 19
263392 22
263394 1
263395 8
263395 20
263395 26
263395 30
263395 32
263395 38
263395 48
263395 54
263395 56
263395 58
263395 86
263395 108
263395 110
263395 178
263397 3
263397 11
263397 17
263397 33
263397 37
263397 47
263397 51
263397 70
263397 98
263398 49
263398 53
263398 190
263398 200
263399 1
263399 74
263399 80
263399 82
263399 88
263399 102
263399 199
263399 200
263400 -310
263401 -310
263402 -310
263403 1
263403 19
263403 21
263403 23
263403 39
263404 1
263404 11
263404 72
263404 95
263405 1
263405 26
263405 27
263405 28
263405 29
263405 30
263405 31
263405 32
263405 33
263406 -310
263407 -310
263409 1
263409 3
263409 5
263409 7
263409 8
263409 9
263409 11
263409 13
263409 15
263409 17
263409 19
263409 20
263409 21
263409 23
263409 24
263409 25
263409 26
263409 27
263409 28
263409 29
263409 31
263409 33
263409 35
263409 37
263409 39
263409 41
263409 42
263409 43
263409 44
263409 45
263409 47
263409 48
263409 49
263409 51
263409 52
263409 53
263409 54
263409 55
263409 57
263409 58
263409 59
263409 61
263409 62
263409 63
263409 65
263409 67
263409 71
263409 73
263409 75
263409 77
263409 78
263409 79
263409 81
263409 83
263409 85
263409 87
263409 88
263409 89
263409 90
263409 91
263409 93
263409 95
263409 97
263409 99
263409 101
263409 102
263409 103
263409 105
263409 107
263409 109
263409 110
263409 111
263409 112
263409 113
263409 115
263409 117
263409 118
263409 119
263409 121
263409 123
263409 124
263409 125
263409 127
263409 131
263409 137
263409 141
263409 173
263410 2
263410 4
263410 12
263411 1
263411 2
263411 4
263411 6
263411 8
263411 10
263411 32
263411 34
263411 36
263411 38
263411 40
263411 42
263411 44
263411 46
263413 -310
263414 1
263414 2
263414 54
263414 68
263414 101
263414 137
263414 155
263414 167
263414 171
263414 184
263414 185
263414 187
263414 188
263414 189
263414 190
263414 199
263415 1
263415 2
263415 3
263416 1
263416 2
263416 3
263416 4
263416 13
263416 22
263416 27
263416 29
263416 30
263416 33
263416 39
263416 40
263416 43
263416 44
263416 45
263416 71
263416 73
263416 75
263416 76
263416 78
263416 80
263416 93
263416 95
263416 117
263416 135
263416 139
263416 164
263416 170
263416 179
263417 2
263417 15
263417 17
263417 19
263417 60
263417 102
263417 121
263417 122
263417 124
263418 1
263418 25
263418 35
263418 56
263418 65
263418 107
263418 108
263418 110
263418 111
263418 112
263418 113
263418 114
263418 115
263418 116
263418 117
263418 118
263418 119
263418 120
263418 121
263418 122
263418 124
263418 126
263418 128
263418 130
263418 179
263418 195
263420 1
263420 59
263420 70
263420 97
263420 122
263420 166
263420 167
263420 185
263421 1
263421 8
263421 35
263421 49
263421 50
263421 51
263421 52
263423 13
263423 14
263424 1
263424 19
263424 38
263424 39
263424 40
263424 41
263424 48
263424 67
263425 1
263426 -310
263428 3
263428 8
263428 9
263428 10
263428 11
263428 12
263429 1
263429 11
263429 25
263429 29
263429 33
263429 122
263429 135
263429 185
263430 91
263430 99
263430 102
263431 1
263431 15
263431 136
263431 181
263432 118
263432 140
263432 141
263432 143
263433 1
263433 27
263433 97
263433 122
263433 123
263433 124
263433 126
263433 129
263433 133
263433 134
263433 135
263433 137
263433 138
263433 139
263433 141
263433 142
263433 143
263433 145
263433 147
263433 149
263433 150
263433 151
263433 153
263433 156
263433 158
263433 159
263433 161
263433 165
263433 166
263433 168
263433 173
263433 175
263433 181
263433 184
263433 186
263433 189
263433 190
263433 191
263433 198
263433 199
263434 4
263434 6
263434 8
263435 1
263435 6
263435 7
263435 8
263435 9
263435 10
263435 11
263435 12
263435 23
263441 1
263441 3
263441 4
263441 5
263441 6
263441 7
263441 8
263441 9
263441 10
263441 11
263441 12
263441 13
263441 14
263441 16
263441 17
263441 20
263441 25
263441 26
263441 27
263441 28
263441 32
263441 34
263441 38
263441 39
263441 40
263441 41
263441 44
263441 50
263441 60
263441 61
263441 62
263441 63
263441 64
263441 65
263441 66
263441 67
263441 68
263441 70
263441 73
263441 80
263441 88
263441 89
263441 100
263441 106
263441 108
263441 114
263441 120
263441 125
263441 127
263441 130
263441 132
263442 12
263442 51
263442 53
263442 55
263442 59
263442 66
263442 67
263443 1
263443 6
263443 10
263443 14
263443 20
263443 28
263443 30
263443 32
263443 69
263443 86
263443 91
263443 96
263443 102
263443 110
263443 115
263443 116
263443 122
263443 126
263443 134
263443 142
263443 158
263443 164
263443 170
263443 198
263444 2
263444 12
263444 20
263444 22
263444 44
263444 62
263444 64
263444 80
263444 86
263444 100
263444 110
263444 190
263445 1
263446 79
263446 85
263446 91
263446 100
263446 101
263446 103
263446 105
263446 108
263446 112
263446 114
263446 115
263446 117
263446 138
263446 149
263446 150
263447 42
263447 55
263447 77
263447 90
263447 115
263447 122
263447 123
263447 126
263447 127
263447 131
263447 143
263447 149
263447 150
263447 160
263447 165
263447 166
263447 169
263447 173
263447 174
263447 180
263447 181
263447 184
263447 185
263447 186
263447 190
263447 191
263447 194
263447 196
263447 198
263447 199
263448 1
263448 2
263448 3
263448 4
263448 8
263448 11
263448 12
263448 15
263448 20
263448 24
263448 27
263448 37
263448 44
263448 46
263448 51
263448 75
263448 97
263449 3
263449 8
263449 17
263449 35
263449 40
263449 47
263449 52
263449 63
263449 69
263449 73
263449 90
263449 98
263449 99
263449 100
263449 110
263449 117
263449 142
263449 149
263449 159
263449 178
263449 182
263449 190
263450 1
263451 22
263451 41
263453 7
263453 33
263453 130
263454 1
263454 6
263454 67
263454 85
263454 164
263456 1
263456 69
263456 110
263456 113
263456 114
263456 116
263456 119
263457 26
263457 29
263457 37
263457 41
263457 44
263457 47
263457 67
263457 105
263457 106
263457 107
263457 108
263457 109
263457 110
263457 112
263457 113
263457 114
263457 115
263457 116
263457 117
263457 118
263457 119
263457 120
263457 121
263457 122
263457 123
263457 124
263457 125
263457 126
263457 127
263457 128
263457 129
263459 5
263459 8
263459 30
263459 31
263459 87
263459 99
263459 100
263459 101
263459 102
263459 103
263459 104
263459 105
263459 106
263459 107
263459 108
263459 109
263459 110
263459 111
263459 112
263459 113
263459 114
263459 115
263459 116
263459 117
263459 118
263459 119
263459 120
263459 121
263459 122
263459 123
263459 124
263459 125
263459 126
263459 127
263459 128
263459 129
263459 130
263459 131
263459 132
263459 133
263459 134
263459 135
263459 136
263459 137
263459 138
263459 139
263459 140
263459 141
263459 142
263459 143
263459 144
263459 145
263459 146
263459 147
263459 148
263459 149
263459 150
263459 151
263459 152
263459 153
263459 154
263459 155
263459 156
263459 157
263459 158
263459 159
263459 160
263459 161
263459 162
263459 163
263459 164
263459 165
263459 166
263459 167
263459 168
263459 169
263459 170
263459 171
263459 172
263459 173
263459 174
263459 175
263459 176
263459 177
263459 178
263459 179
263459 180
263459 181
263459 182
263459 183
263459 184
263459 185
263459 186
263459 187
263459 188
263459 189
263459 190
263459 191
263459 192
263459 193
263459 194
263459 195
263459 196
263459 197
263459 198
263459 199
263459 200
263461 -310
263462 -310
263463 -310
263464 -310
263465 -310
263466 -310
263467 -310
263468 -310
263469 -310
263470 -310
263471 -310
263489 -310
263490 1
263490 9
263490 32
263490 33
263490 34
263490 35
263490 36
263490 37
263490 38
263490 39
263490 40
263490 41
263490 42
263490 43
263490 44
263490 45
263490 46
263490 47
263490 48
263490 49
263490 50
263490 51
263490 52
263490 53
263491 20
263491 51
263491 66
263491 73
263491 104
263491 180
263491 183
263491 193
263492 12
263492 32
263492 44
263492 45
263492 46
263492 47
263492 48
263492 49
263492 51
263492 58
263493 1
263493 108
263493 144
263493 145
263493 146
263493 147
263493 148
263493 149
263493 150
263493 151
263493 152
263493 153
263493 154
263493 155
263493 156
263493 157
263493 158
263493 159
263493 160
263493 161
263493 162
263493 163
263493 164
263493 165
263493 166
263493 167
263493 168
263493 169
263493 170
263493 171
263493 172
263494 93
263494 95
263494 122
263494 126
263495 1
263495 49
263495 97
263495 188
263495 189
263495 190
263495 191
263495 192
263495 193
263495 194
263495 195
263495 196
263495 197
263495 198
263495 199
263495 200
263496 1
263496 71
263497 60
263497 192
263497 193
263497 195
263497 196
263497 197
263497 198
263497 199
263497 200
263498 -310
263499 30
263499 34
263499 35
263499 36
263499 44
263499 60
263499 62
263499 124
263499 125
263499 126
263499 127
263499 128
263499 129
263499 130
263499 131
263500 1
263500 27
263500 28
263500 29
263500 30
263501 1
263501 73
263501 75
263501 76
263501 77
263501 78
263501 79
263501 80
263501 81
263501 82
263501 83
263501 84
263501 85
263501 86
263501 87
263501 88
263501 89
263501 90
263501 91
263501 92
263501 93
263501 94
263501 95
263501 96
263501 97
263501 98
263501 100
263501 101
263501 103
263501 104
263501 105
263501 106
263501 107
263501 108
263501 109
263501 110
263501 111
263501 112
263501 113
263501 114
263501 115
263501 116
263501 117
263501 118
263501 119
263501 120
263501 121
263501 122
263501 123
263501 124
263501 125
263501 126
263501 127
263501 128
263501 129
263501 130
263501 131
263501 132
263501 133
263501 134
263501 135
263501 136
263501 137
263501 138
263501 139
263501 140
263501 141
263501 142
263501 143
263501 145
263501 146
263501 147
263501 148
263501 149
263501 150
263501 151
263501 152
263501 153
263501 154
263501 155
263501 156
263501 157
263501 158
263501 159
263501 164
263501 165
263501 166
263501 167
263501 168
263501 169
263501 170
263501 171
263501 172
263501 173
263501 174
263501 175
263501 176
263501 177
263501 178
263501 179
263501 180
263501 181
263501 184
263501 185
263501 186
263501 187
263501 188
263501 189
263501 190
263501 191
263501 192
263501 193
263501 194
263501 195
263501 196
263501 197
263501 198
263501 199
263501 200
263502 65
263502 67
263502 68
263502 70
263502 74
263502 75
263502 76
263502 80
263502 81
263502 82
263502 85
263502 86
263502 87
263502 88
263502 89
263502 90
263502 91
263502 92
263502 93
263502 94
263502 95
263502 98
263502 99
263502 100
263502 101
263502 102
263502 105
263502 106
263502 107
263502 108
263502 109
263502 110
263502 112
263502 114
263502 115
263502 117
263502 118
263502 119
263502 120
263502 121
263502 122
263502 123
263502 124
263503 1
263503 7
263503 21
263503 35
263503 37
263507 53
263507 65
263508 1
263508 79
263508 82
263509 8
263509 10
263509 14
263509 27
263509 35
263509 42
263509 76
263510 3
263510 20
263510 38
263510 60
263510 72
263510 73
263510 74
263510 76
263510 82
263510 83
263510 84
263510 85
263510 89
263510 90
263510 91
263510 95
263510 116
263510 120
263510 132
263510 133
263510 136
263510 137
263510 138
263510 139
263510 150
263510 155
263510 185
263510 189
263510 197
263511 1
263511 13
263511 32
263511 51
263513 -310
263514 43
263514 44
263515 1
263515 8
263515 14
263515 84
263515 187
263516 1
263516 91
263517 1
263517 102
263520 1
263521 10
263522 1
263522 13
263522 14
263522 52
263522 53
263522 54
263522 55
263522 56
263522 57
263522 58
263522 59
263522 60
263522 61
263522 62
263522 63
263522 64
263522 65
263522 66
263522 67
263522 68
263522 69
263522 70
263522 71
263523 1
263523 31
263523 45
263523 79
263523 96
263523 109
263523 117
263523 156
263523 169
263523 170
263523 171
263523 172
263523 173
263523 178
263523 179
263523 187
263523 188
263523 190
263523 191
263523 192
263524 20
263524 21
263524 33
263525 9
263526 -310
263527 82
263529 11
263529 119
263529 120
263529 170
263529 174
263530 1
263530 39
263530 70
263531 52
263531 66
263531 75
263533 1
263534 -310
263535 90
263535 125
263536 9
263536 65
263536 93
263536 96
263536 116
263536 120
263536 161
263536 163
263536 175
263536 184
263536 193
263536 195
263536 197
263536 199
263537 1
263537 6
263537 7
263538 1
263538 4
263538 6
263538 8
263538 10
263538 20
263538 22
263538 28
263538 30
263538 36
263543 133
263543 134
263543 135
263543 137
263543 138
263543 139
263543 140
263543 141
263543 142
263543 145
263543 167
263544 1
263545 1
263547 1
263547 69
263547 87
263547 88
263547 114
263547 116
263547 121
263547 145
263547 149
263547 150
263547 156
263547 199
263548 1
263548 19
263548 35
263548 42
263548 44
263548 77
263548 82
263548 84
263548 91
263548 93
263548 104
263548 105
263548 107
263548 111
263548 117
263548 120
263548 150
263548 155
263548 166
263548 169
263548 171
263548 173
263548 176
263548 191
263548 197
263549 1
263549 7
263549 13
263549 16
263551 -310
263552 1
263552 11
263552 12
263552 13
263552 32
263552 38
263552 39
263552 40
263552 41
263552 42
263552 43
263552 44
263552 45
263552 47
263552 48
263552 49
263552 50
263552 51
263552 52
263552 53
263552 54
263552 55
263552 56
263552 57
263552 58
263552 59
263552 60
263552 61
263553 -310
263554 5
263554 43
263554 45
263554 46
263554 47
263554 48
263554 49
263554 50
263554 51
263554 52
263555 -310
263556 7
263556 34
263556 91
263556 156
263557 -310
263558 31
263558 32
263558 33
263558 34
263558 35
263558 36
263558 37
263558 38
263558 39
263558 40
263558 41
263558 42
263558 43
263558 44
263558 45
263558 46
263558 47
263558 48
263558 49
263558 50
263558 51
263558 52
263558 53
263558 54
263558 55
263558 56
263558 57
263558 58
263558 59
263558 60
263558 61
263559 -310
263560 -310
263561 -310
263562 -310
263563 -310
263564 -310
263565 -310
263566 -310
263576 2
263576 3
263576 6
263576 10
263576 21
263576 22
263576 24
263576 25
263576 26
263576 28
263576 30
263576 32
263576 33
263576 34
263576 35
263576 44
263576 48
263576 49
263576 50
263576 52
263576 62
263576 64
263576 66
263576 79
263576 80
263576 81
263576 101
263576 106
263576 148
263576 159
263576 161
263576 176
263576 190
263577 17
263577 18
263577 19
263577 46
263577 58
263577 64
263577 65
263577 75
263577 92
263577 97
263577 106
263577 127
263577 132
263577 150
263577 151
263577 155
263577 174
263577 175
263577 183
263577 184
263577 186
263577 192
263577 200
263578 6
263578 13
263578 14
263578 22
263578 32
263578 51
263578 52
263578 53
263578 54
263578 55
263578 56
263578 57
263578 58
263578 59
263578 60
263578 61
263578 90
263578 112
263578 117
263578 118
263578 127
263578 132
263578 136
263578 137
263578 138
263578 141
263578 142
263578 143
263578 145
263578 146
263578 155
263578 160
263578 173
263578 174
263578 177
263578 178
263578 180
263578 181
263578 182
263578 183
263578 184
263578 185
263578 189
263578 190
263578 191
263578 192
263578 193
263578 194
263578 199
263579 1
263579 18
263579 19
263579 29
263579 46
263579 80
263579 81
263579 113
263579 114
263579 115
263579 116
263579 117
263579 130
263579 138
263579 142
263579 158
263579 165
263579 169
263580 1
263580 6
263580 47
263580 58
263580 67
263580 68
263580 71
263580 72
263580 73
263580 75
263580 83
263580 84
263580 91
263580 96
263580 112
263580 113
263580 114
263580 117
263580 125
263580 127
263580 137
263580 145
263580 165
263580 166
263580 167
263580 168
263580 170
263580 171
263580 172
263580 173
263580 174
263580 177
263580 179
263580 181
263580 182
263580 183
263580 184
263580 185
263581 2
263581 6
263581 12
263581 13
263581 14
263582 4
263582 5
263582 8
263582 11
263582 14
263582 18
263582 20
263582 21
263582 25
263582 32
263582 73
263582 83
263582 109
263582 117
263582 119
263582 120
263582 121
263582 131
263582 154
263582 185
263582 198
263583 114
263584 23
263584 24
263584 25
263584 36
263584 42
263585 7
263585 8
263585 9
263585 24
263585 29
263585 101
263585 102
263585 111
263585 139
263585 145
263585 195
263586 1
263586 2
263586 100
263587 20
263587 26
263587 62
263587 111
263587 113
263587 116
263587 120
263587 123
263587 141
263587 142
263587 151
263587 164
263587 178
263587 180
263587 183
263587 193
263588 1
263588 129
263588 133
263588 146
263589 100
263590 57
263590 89
263590 104
263591 45
263591 46
263591 47
263591 49
263591 61
263591 78
263591 157
263591 158
263591 159
263591 160
263591 163
263591 164
263591 165
263591 166
263591 169
263591 173
263591 178
263591 179
263591 180
263591 193
263592 2
263592 4
263592 6
263592 10
263592 22
263592 23
263592 24
263592 26
263592 28
263592 29
263592 30
263592 50
263592 64
263592 70
263592 72
263592 80
263592 87
263592 91
263592 93
263592 95
263592 111
263592 117
263592 124
263592 129
263592 142
263592 143
263592 144
263592 145
263592 146
263592 147
263592 148
263592 149
263592 150
263592 151
263592 152
263592 153
263592 154
263592 155
263592 156
263592 157
263592 158
263592 159
263592 160
263593 1
263593 2
263593 11
263593 12
263593 15
263593 16
263593 22
263593 36
263593 38
263593 40
263593 41
263593 42
263593 43
263593 44
263593 45
263593 46
263593 47
263593 48
263593 49
263593 50
263593 51
263593 60
263593 70
263594 1
263594 4
263594 7
263594 8
263594 18
263594 19
263594 20
263594 21
263594 22
263594 24
263594 25
263594 27
263594 28
263594 29
263594 30
263594 32
263594 33
263594 34
263594 38
263594 40
263594 42
263594 44
263594 45
263594 47
263594 49
263594 57
263594 58
263594 61
263594 90
263594 95
263594 99
263594 100
263594 101
263594 102
263594 105
263594 107
263594 108
263594 113
263594 124
263594 126
263594 128
263594 135
263594 136
263594 137
263594 141
263594 153
263594 154
263594 159
263594 161
263594 165
263594 173
263594 174
263594 176
263594 180
263594 184
263594 187
263594 188
263594 195
263594 197
263594 199
263594 200
263595 -310
263596 -310
263597 1
263597 4
263597 6
263597 9
263597 10
263597 11
263597 14
263597 16
263597 17
263597 22
263597 23
263597 26
263597 27
263597 30
263597 34
263597 36
263597 46
263597 49
263597 50
263597 54
263597 63
263597 66
263597 68
263597 69
263597 71
263597 74
263597 75
263597 77
263597 79
263597 82
263597 83
263597 86
263597 88
263597 96
263597 97
263597 98
263597 100
263597 103
263597 104
263597 105
263597 106
263597 107
263597 108
263597 109
263597 110
263597 111
263598 1
263598 8
263598 12
263598 13
263598 15
263598 20
263598 21
263598 24
263598 26
263598 27
263598 28
263598 29
263598 31
263598 32
263598 39
263598 40
263598 41
263599 10
263599 29
263599 30
263599 31
263599 32
263600 1
263600 11
263600 12
263600 13
263600 14
263601 24
263601 25
263602 23
263602 24
263602 25
263603 -310
263193 -310
263303 -310
263321 -310
263332 -310
263340 -310
263343 -310
263347 -310
263391 -310
263427 -310
263518 -310
263528 -310
263540 -310
263148 -310
263163 -310
263164 -310
263165 -310
263166 -310
263329 -310
263458 -310
263460 -310
263478 -310
263482 -310
263483 -310
263484 -310
263502 -310
263588 -310
263514 -310
