263655 100
263655 101
263656 1
263660 1
263660 3
263660 34
263660 38
263660 50
263660 68
263660 70
263660 77
263660 78
263660 79
263660 82
263660 83
263660 84
263660 85
263660 86
263660 87
263660 88
263660 89
263660 90
263660 91
263661 1
263661 2
263663 1
263664 18
263664 19
263664 36
263664 160
263664 161
263664 162
263664 163
263664 164
263664 165
263664 166
263664 167
263664 168
263664 169
263664 170
263664 171
263664 172
263664 173
263664 174
263664 175
263664 176
263664 177
263664 178
263664 179
263664 180
263664 181
263664 182
263664 183
263664 184
263664 185
263664 186
263664 187
263664 188
263664 189
263665 1
263666 5
263666 75
263666 91
263666 92
263667 -310
263679 -310
263680 1
263680 3
263680 11
263680 20
263680 23
263681 -310
263682 2
263682 4
263682 29
263682 46
263682 51
263682 61
263682 70
263682 72
263682 83
263682 100
263682 106
263682 151
263683 -310
263684 1
263684 7
263684 19
263684 21
263684 24
263684 45
263684 69
263684 71
263684 73
263684 75
263684 77
263685 23
263685 160
263685 181
263687 80
263687 81
263687 82
263687 83
263687 84
263687 85
263687 86
263687 91
263691 7
263691 8
263691 14
263691 29
263691 39
263691 40
263691 51
263691 55
263691 57
263691 59
263691 61
263691 67
263691 69
263691 71
263691 79
263691 85
263691 89
263691 91
263691 93
263691 94
263691 97
263691 99
263691 105
263691 107
263691 121
263691 125
263691 127
263691 129
263691 135
263691 139
263691 143
263691 149
263691 153
263691 157
263691 161
263691 165
263691 169
263702 1
263702 21
263702 148
263703 -310
263709 1
263709 2
263709 3
263709 4
263709 5
263709 6
263709 7
263709 8
263709 9
263709 13
263709 15
263709 42
263709 78
263709 79
263709 80
263709 107
263709 136
263709 180
263710 5
263710 38
263710 158
263710 185
263710 186
263710 189
263710 191
263710 192
263710 194
263711 5
263711 31
263711 32
263711 33
263711 34
263711 35
263711 36
263711 37
263711 38
263711 39
263711 40
263711 41
263711 42
263711 43
263711 44
263711 45
263711 46
263711 47
263711 48
263711 49
263711 50
263711 51
263711 52
263711 53
263711 54
263711 55
263714 1
263714 28
263714 29
263714 93
263714 95
263716 38
263716 58
263716 112
263717 32
263717 129
263717 138
263717 147
263718 1
263720 1
263720 15
263720 16
263720 17
263720 18
263720 19
263720 20
263720 21
263720 32
263720 97
263720 98
263720 99
263720 100
263720 121
263720 124
263720 131
263720 142
263720 199
263721 38
263722 121
263722 139
263723 101
263723 150
263724 58
263725 1
263725 62
263725 94
263725 115
263725 165
263725 176
263725 197
263726 1
263726 8
263726 28
263726 29
263726 33
263726 34
263726 36
263726 40
263726 41
263726 42
263726 44
263726 47
263726 49
263726 50
263726 51
263726 52
263726 180
263727 1
263727 13
263727 62
263727 78
263727 107
263740 -310
263741 1
263741 4
263741 8
263741 11
263741 17
263741 18
263741 21
263741 22
263741 23
263741 26
263741 30
263741 32
263741 37
263741 39
263741 44
263741 45
263741 48
263744 11
263744 15
263744 21
263744 23
263744 38
263744 40
263744 43
263744 57
263744 58
263744 60
263744 63
263744 65
263744 66
263744 77
263744 83
263744 84
263744 101
263744 106
263744 108
263744 110
263744 113
263744 115
263744 120
263744 133
263744 137
263744 162
263744 163
263745 9
263745 15
263745 17
263745 20
263745 133
263745 154
263745 156
263745 158
263745 165
263745 199
263746 7
263746 8
263746 9
263746 13
263746 19
263746 21
263746 24
263746 25
263746 70
263746 108
263746 127
263746 141
263746 142
263746 146
263746 149
263746 154
263746 155
263746 157
263746 160
263746 168
263746 172
263746 179
263746 190
263746 198
263747 1
263747 6
263747 24
263747 38
263747 48
263747 67
263747 99
263748 -310
263749 15
263749 23
263749 37
263749 52
263749 62
263749 90
263749 95
263749 99
263749 100
263749 137
263749 144
263749 145
263750 1
263750 125
263751 -310
263752 92
263752 151
263753 41
263753 42
263753 80
263753 108
263754 -310
263755 1
263755 8
263757 1
263757 34
263757 35
263757 36
263758 1
263758 69
263760 1
263762 1
263762 10
263762 35
263762 100
263762 116
263762 154
263762 162
263762 163
263763 1
263763 67
263763 121
263763 122
263764 4
263764 63
263764 100
263764 124
263764 183
263764 185
263764 186
263764 187
263764 191
263764 192
263764 193
263764 194
263764 195
263765 15
263765 131
263765 134
263765 135
263765 136
263765 137
263765 138
263765 139
263765 140
263765 141
263765 142
263765 143
263765 144
263766 1
263767 1
263767 2
263767 3
263767 4
263767 5
263767 7
263768 2
263768 3
263768 4
263768 5
263768 10
263769 1
263769 49
263769 70
263769 80
263769 90
263769 100
263769 101
263769 102
263769 103
263769 104
263769 105
263769 106
263769 107
263769 108
263769 109
263769 110
263769 111
263769 112
263769 113
263769 114
263769 115
263769 116
263769 117
263769 118
263769 119
263769 120
263769 121
263769 122
263769 123
263769 124
263769 125
263769 126
263769 127
263769 128
263769 129
263769 130
263769 131
263769 132
263769 133
263769 134
263769 135
263769 136
263769 137
263769 138
263769 139
263769 140
263769 141
263769 142
263769 143
263769 144
263769 145
263769 146
263769 147
263769 148
263769 149
263769 150
263769 151
263769 152
263769 153
263769 154
263769 155
263769 156
263769 157
263769 158
263769 159
263769 160
263769 161
263769 162
263769 163
263769 164
263769 165
263769 166
263769 167
263769 168
263769 169
263769 170
263769 171
263769 172
263769 173
263769 174
263769 175
263769 176
263769 177
263769 178
263769 179
263769 180
263769 181
263769 182
263769 183
263769 184
263769 185
263769 186
263769 187
263769 188
263769 189
263769 190
263769 191
263769 192
263769 193
263769 194
263769 195
263769 196
263769 197
263769 198
263769 199
263769 200
263770 1
263770 2
263770 5
263770 13
263770 14
263770 20
263770 50
263770 52
263770 68
263770 70
263770 83
263770 84
263770 107
263770 108
263770 109
263770 110
263770 114
263770 115
263770 131
263770 132
263770 143
263770 162
263770 174
263770 195
263771 1
263771 2
263771 12
263771 15
263771 80
263771 90
263771 95
263771 114
263771 119
263771 134
263771 138
263771 147
263771 158
263771 174
263772 8
263772 39
263772 72
263772 92
263772 96
263772 97
263772 98
263772 102
263772 104
263772 113
263772 114
263772 169
263773 1
263773 113
263773 200
263774 86
263774 181
263774 182
263774 183
263774 184
263774 185
263774 194
263774 197
263775 14
263775 18
263775 21
263775 22
263775 30
263775 31
263775 54
263775 64
263775 69
263775 70
263775 85
263775 86
263775 100
263775 102
263775 103
263775 104
263775 113
263775 124
263775 125
263775 130
263775 132
263775 134
263775 139
263775 143
263775 145
263775 150
263775 151
263775 152
263775 161
263775 163
263775 165
263775 180
263775 186
263775 188
263775 189
263775 190
263775 191
263775 192
263776 1
263776 2
263776 4
263776 16
263776 17
263776 25
263776 38
263776 45
263776 46
263776 70
263776 71
263776 72
263776 155
263776 163
263776 164
263776 165
263776 170
263776 171
263776 172
263776 174
263776 176
263776 182
263776 183
263776 184
263777 14
263777 17
263777 36
263777 46
263777 47
263777 48
263777 53
263777 64
263777 67
263777 77
263777 80
263777 89
263777 92
263777 94
263777 146
263777 148
263777 149
263777 150
263777 151
263777 152
263777 157
263777 158
263777 159
263777 164
263777 174
263777 175
263777 191
263777 192
263777 193
263778 3
263778 4
263778 15
263778 27
263781 7
263781 20
263781 21
263781 23
263781 25
263781 26
263781 49
263781 75
263781 78
263781 94
263781 103
263781 104
263781 105
263781 123
263781 135
263781 136
263781 137
263781 173
263781 192
263782 -310
263783 -310
263784 3
263784 6
263784 34
263784 36
263785 38
263785 108
263785 145
263787 1
263790 106
263791 1
263791 53
263791 58
263791 60
263791 62
263791 113
263791 120
263791 156
263791 157
263791 158
263791 159
263791 160
263791 161
263791 162
263791 163
263791 164
263791 165
263791 166
263791 167
263791 168
263791 169
263791 170
263791 171
263791 172
263791 173
263791 174
263791 175
263791 176
263791 177
263791 178
263791 179
263791 180
263791 181
263791 182
263791 183
263791 184
263791 185
263791 186
263791 187
263791 188
263791 189
263791 190
263791 191
263791 192
263791 193
263791 194
263791 195
263791 196
263791 197
263791 198
263791 199
263791 200
263792 1
263792 102
263792 115
263792 191
263792 192
263792 193
263792 194
263792 195
263792 196
263793 15
263793 140
263794 1
263794 22
263794 27
263794 32
263795 1
263795 6
263795 132
263795 139
263798 55
263798 56
263798 70
263799 3
263799 22
263799 63
263799 119
263799 120
263799 121
263799 123
263799 166
263799 168
263799 169
263799 177
263799 191
263799 195
263800 1
263800 2
263800 16
263800 17
263800 21
263800 24
263800 38
263800 40
263800 42
263800 44
263800 45
263800 64
263803 1
263803 2
263803 3
263804 1
263804 31
263804 102
263804 103
263804 104
263804 106
263804 107
263804 108
263804 109
263804 110
263804 111
263804 112
263804 113
263804 115
263804 117
263804 119
263804 120
263804 122
263804 123
263804 124
263804 126
263804 128
263804 129
263804 130
263804 131
263804 141
263804 142
263804 144
263804 145
263804 148
263804 149
263804 150
263804 158
263804 159
263804 160
263804 161
263804 163
263804 164
263804 165
263804 168
263804 169
263804 170
263804 171
263804 173
263804 174
263804 176
263804 178
263804 181
263804 183
263804 184
263804 186
263804 188
263804 191
263804 193
263804 194
263804 197
263804 200
263805 -310
263807 1
263807 12
263807 38
263807 53
263808 6
263808 37
263808 40
263808 41
263808 42
263808 43
263808 77
263808 85
263808 86
263808 87
263808 89
263808 90
263808 93
263808 95
263808 97
263808 106
263808 107
263808 116
263808 121
263808 122
263808 133
263808 136
263808 149
263808 158
263808 164
263808 168
263808 176
263808 177
263808 190
263808 191
263809 1
263809 14
263809 30
263809 31
263809 32
263809 33
263809 35
263809 36
263809 37
263809 38
263809 43
263809 49
263809 55
263809 67
263809 84
263809 113
263809 118
263809 119
263809 140
263809 141
263809 142
263809 143
263809 144
263809 145
263809 146
263809 147
263809 148
263809 149
263809 150
263809 151
263809 152
263809 153
263809 154
263809 155
263809 156
263809 157
263809 158
263809 159
263809 160
263809 161
263809 162
263809 163
263809 164
263809 165
263809 166
263809 167
263809 168
263809 169
263809 170
263809 171
263809 172
263809 173
263809 174
263809 175
263809 176
263809 177
263809 178
263809 179
263809 180
263809 181
263809 182
263809 183
263810 16
263810 18
263810 26
263810 46
263810 65
263810 84
263810 87
263810 88
263810 99
263810 101
263810 115
263810 121
263810 126
263810 131
263810 138
263810 153
263810 163
263810 170
263810 172
263810 182
263810 183
263810 187
263810 188
263810 197
263810 199
263811 2
263811 6
263811 15
263811 17
263811 21
263811 30
263811 40
263811 42
263811 46
263811 48
263811 56
263811 64
263811 66
263811 67
263811 72
263811 82
263811 84
263811 89
263811 90
263811 94
263811 100
263811 110
263811 111
263811 117
263811 121
263811 123
263811 130
263811 139
263811 144
263811 147
263811 152
263811 154
263811 156
263811 160
263811 167
263811 175
263811 178
263812 -310
263813 -310
263814 -310
263816 1
263816 6
263816 11
263816 34
263816 43
263816 63
263816 65
263816 70
263816 71
263816 74
263816 75
263816 89
263816 90
263816 91
263816 94
263817 1
263817 9
263817 10
263817 12
263818 -310
263820 23
263820 24
263820 30
263820 35
263820 43
263820 44
263820 47
263820 49
263820 50
263820 52
263820 53
263820 54
263820 55
263820 56
263820 58
263820 78
263820 80
263820 85
263820 86
263820 87
263820 88
263820 97
263820 98
263820 100
263821 -310
263822 1
263822 29
263822 38
263822 49
263822 52
263822 59
263822 74
263822 87
263822 95
263822 98
263823 1
263823 7
263823 20
263823 23
263823 24
263823 29
263823 52
263824 26
263824 53
263824 55
263824 76
263824 82
263824 85
263824 87
263824 99
263824 112
263824 126
263824 152
263824 155
263824 156
263824 159
263824 164
263824 176
263824 197
263825 -310
263826 -310
263827 -310
263828 -310
263829 -310
263830 -310
263831 -310
263834 14
263834 35
263834 36
263834 48
263834 49
263834 84
263834 98
263834 114
263834 135
263834 179
263834 184
263834 194
263834 195
263834 196
263834 197
263834 198
263834 199
263835 29
263835 45
263835 79
263835 101
263836 69
263836 79
263836 191
263837 3
263837 17
263837 33
263837 58
263837 65
263837 66
263837 67
263837 70
263837 71
263837 78
263837 79
263837 81
263837 82
263837 83
263837 87
263837 92
263837 95
263837 96
263837 98
263837 102
263837 104
263837 108
263837 111
263837 143
263837 144
263837 164
263837 180
263837 187
263837 191
263838 5
263838 6
263838 7
263838 21
263838 22
263838 23
263838 24
263838 25
263838 26
263838 27
263838 28
263838 29
263838 37
263838 44
263838 45
263838 53
263838 71
263838 91
263838 127
263838 143
263838 200
263839 1
263839 2
263839 126
263839 140
263839 141
263839 142
263839 143
263839 144
263840 1
263840 24
263840 25
263840 26
263840 27
263840 28
263840 29
263840 30
263840 31
263840 32
263840 33
263840 34
263840 35
263840 36
263840 37
263840 38
263840 39
263840 40
263840 41
263840 42
263840 43
263840 44
263840 45
263840 46
263840 47
263840 48
263840 49
263840 50
263840 51
263840 52
263840 53
263840 54
263840 55
263840 56
263840 57
263840 58
263840 59
263840 60
263840 61
263840 62
263840 63
263840 64
263840 65
263840 66
263840 67
263840 68
263840 69
263840 70
263840 71
263840 72
263841 -310
263842 43
263842 71
263842 82
263842 85
263842 104
263843 19
263846 116
263846 161
263846 184
263846 186
263846 187
263846 192
263847 1
263847 37
263847 39
263847 62
263847 66
263847 71
263847 75
263847 84
263847 96
263847 97
263847 105
263847 127
263847 165
263847 169
263847 181
263847 186
263847 198
263847 200
263848 4
263848 8
263848 20
263848 21
263848 22
263848 24
263848 25
263848 37
263848 38
263848 40
263848 45
263848 49
263848 55
263848 59
263848 64
263848 73
263848 78
263848 79
263848 88
263848 95
263848 103
263848 124
263848 128
263848 129
263848 139
263848 140
263848 142
263848 147
263848 157
263848 168
263848 172
263848 175
263848 179
263848 190
263849 1
263849 13
263849 14
263849 27
263849 33
263849 43
263849 50
263849 108
263850 33
263852 13
263852 47
263852 48
263852 51
263853 1
263853 61
263926 1
263926 6
263926 10
263926 15
263926 16
263926 17
263926 18
263926 20
263927 6
263927 7
263927 10
263927 11
263927 12
263927 13
263927 14
263927 15
263927 16
263927 17
263927 18
263927 19
263929 -310
263931 -310
263938 11
263939 1
263939 14
263939 34
263939 108
263939 132
263939 135
263939 137
263939 138
263939 139
263939 140
263939 141
263940 1
263940 85
263940 91
263942 25
263942 38
263942 90
263942 100
263942 133
263942 143
263943 39
263943 84
263943 110
263943 123
263943 149
263943 192
263943 193
263943 195
263943 197
263943 198
263944 99
263944 122
263944 136
263944 147
263944 151
263944 165
263944 196
263945 -310
263946 1
263946 10
263946 19
263946 91
263946 104
263946 135
263946 154
263946 182
263946 197
263947 122
263948 -310
263950 6
263950 7
263950 8
263950 9
263950 10
263951 113
263951 114
263951 115
263951 116
263951 125
263951 187
263952 156
263952 178
263952 183
263953 1
263953 124
263953 194
263954 1
263954 18
263955 6
263955 7
263955 8
263955 9
263955 10
263955 11
263955 12
263955 13
263956 46
263956 77
263957 88
263958 -310
263959 -310
263962 94
263962 110
263962 134
263962 138
263962 155
263963 14
263963 25
263963 33
263963 125
263963 152
263964 -310
263965 1
263965 2
263965 96
263965 114
263965 149
263967 1
263967 46
263967 145
263967 150
263967 153
263967 196
263968 1
263968 12
263968 60
263968 76
263968 77
263968 81
263968 165
263969 1
263969 38
263969 39
263969 40
263969 41
263969 42
263969 43
263969 44
263969 45
263969 46
263969 47
263969 48
263969 49
263969 50
263969 51
263969 52
263970 10
263970 49
263970 93
263970 96
263970 127
263970 140
263970 150
263970 177
263971 39
263971 53
263971 70
263971 99
263971 182
263971 183
263971 184
263971 185
263971 186
263971 187
263971 188
263971 189
263971 190
263971 191
263971 192
263971 193
263971 194
263971 195
263971 196
263971 197
263971 198
263971 199
263971 200
263972 1
263972 3
263972 13
263972 16
263974 1
263976 10
263976 76
263976 112
263977 41
263977 43
263977 44
263977 48
263977 49
263977 108
263977 109
263977 110
263977 111
263977 112
263977 113
263977 114
263977 115
263977 116
263977 117
263977 118
263977 146
263978 3
263978 10
263978 16
263978 22
263979 25
263979 67
263979 102
263979 111
263979 137
263979 152
263979 158
263980 1
263980 2
263980 9
263980 38
263980 40
263980 162
263980 165
263980 168
263980 170
263980 171
263980 172
263980 189
263980 191
263980 196
263980 197
263980 198
263980 200
263981 2
263981 5
263981 6
263981 7
263981 10
263981 19
263981 20
263981 21
263981 23
263981 24
263981 27
263981 30
263981 33
263981 60
263981 62
263981 68
263981 72
263981 74
263981 76
263981 80
263981 82
263981 84
263981 86
263981 88
263981 92
263981 94
263981 96
263981 97
263981 100
263981 102
263981 104
263981 106
263981 110
263981 112
263981 114
263981 119
263981 120
263981 123
263981 128
263981 150
263981 158
263981 160
263981 170
263981 174
263981 182
263981 186
263981 188
263982 105
263982 127
263982 136
263982 165
263982 173
263983 88
263983 146
263983 165
263985 1
263985 7
263985 84
263985 111
263985 191
263985 194
263986 8
263986 21
263986 22
263986 23
263986 24
263986 25
263986 31
263986 118
263986 138
263987 17
263987 29
263987 49
263987 53
263987 85
263987 89
263987 163
263988 1
263988 22
263988 70
263988 74
263988 84
263988 85
263988 86
263988 90
263988 91
263988 92
263988 94
263988 95
263988 97
263988 119
263988 120
263988 167
263989 17
263989 96
263990 -310
263991 -310
263993 1
263993 12
263993 85
263993 111
263993 139
263993 180
263993 198
263995 1
263995 15
263995 20
263997 20
263997 126
263997 132
263998 1
263998 40
263998 61
263998 74
263998 77
263998 84
263998 187
263998 188
263998 189
263998 190
263998 191
263998 192
263998 193
263998 194
263999 1
263999 8
263999 86
263999 90
263999 101
263999 117
263999 137
264000 1
264000 20
264000 29
264000 31
264000 33
264000 34
264000 35
264000 36
264000 37
264000 50
264000 85
264000 87
264000 88
264000 152
264000 200
264001 24
264001 27
264002 45
264003 134
264003 185
264003 186
264003 187
264003 188
264003 189
264003 190
264003 191
264003 192
264003 193
264003 194
264003 197
264003 198
264003 199
264003 200
264004 -310
264006 1
264006 33
264008 1
264008 42
264008 61
264008 140
264015 55
264015 99
264018 185
264019 1
264019 35
264019 49
264019 108
264019 135
264019 137
264020 96
264020 131
264020 139
264020 176
264023 20
264023 21
264023 22
264023 23
264023 24
264023 25
264023 26
264023 27
264023 28
264023 29
264023 30
264023 31
264023 32
264023 33
264023 34
264023 35
264023 36
264023 37
264023 38
264023 39
264023 40
264023 41
264023 42
264023 43
264023 44
264023 45
264023 46
264023 47
264023 48
264023 49
264023 50
264023 51
264023 52
264023 53
264023 54
264023 55
264024 1
264024 35
264025 15
264025 73
264025 182
264025 183
264025 184
264025 185
264025 186
264025 187
264025 188
264025 189
264025 190
264025 191
264025 192
264025 193
264025 194
264025 195
264025 196
264025 197
264025 198
264025 199
264025 200
264026 -310
264027 -310
264028 26
264028 95
264028 129
264029 1
264029 10
264029 28
264029 58
264029 74
264029 75
264029 95
264029 100
264029 107
264029 111
264029 184
264029 198
264030 22
264030 26
264030 37
264030 53
264030 81
264030 116
264030 117
264030 118
264030 119
264030 120
264030 121
264030 122
264030 123
264030 124
264030 125
264030 126
264030 127
264030 128
264030 129
264030 130
264030 131
264030 132
264030 133
264030 134
264030 135
264030 136
264030 137
264030 138
264031 -310
264032 -310
264033 1
264033 25
264033 42
264033 54
264033 72
264033 140
264033 195
264034 1
264034 2
264034 3
264034 9
264034 10
264035 35
264035 56
264035 145
264036 10
264036 16
264036 26
264036 27
264036 40
264036 45
264036 48
264036 50
264036 51
264036 52
264036 53
264036 54
264036 58
264036 83
264036 84
264036 85
264036 86
264036 96
264036 97
264036 100
264036 101
264036 102
264036 107
264036 109
264036 111
264036 120
264036 129
264036 130
264036 133
264036 136
264036 137
264037 1
264037 26
264037 27
264037 28
264037 30
264037 50
264037 115
264037 125
264037 126
264037 127
264037 129
264037 188
264038 26
264038 27
264038 28
264038 29
264038 36
264038 37
264038 44
264038 47
264038 48
264038 83
264038 86
264038 87
264038 88
264038 89
264038 90
264038 91
264038 92
264038 93
264038 94
264038 95
264038 96
264038 97
264038 98
264038 99
264038 100
264038 101
264038 102
264038 103
264038 104
264038 105
264038 106
264038 107
264038 108
264039 -310
264040 -310
264041 1
264041 36
264041 78
264041 97
264041 104
264041 107
264041 113
264041 114
264041 117
264041 165
264041 169
264041 170
264041 187
264042 1
264042 36
264042 50
264042 51
264044 3
264044 4
264045 5
264045 23
264045 26
264045 27
264045 34
264045 61
264045 64
264045 65
264045 67
264045 69
264045 78
264045 79
264045 82
264045 89
264046 -310
264047 -310
264048 -310
264051 1
264051 11
264051 72
264051 88
264051 89
264051 93
264051 97
264051 137
264051 138
264051 161
264051 168
264051 198
264053 1
264053 101
264053 199
264054 9
264054 14
264054 15
264054 16
264054 17
264055 -310
264056 -310
264057 -310
264058 -310
264059 1
264059 2
264059 3
264059 4
264059 5
264059 6
264059 7
264059 8
264059 9
264059 10
264059 11
264059 12
264059 13
264059 14
264059 15
264059 16
264059 17
264059 18
264059 19
264059 20
264059 21
264059 22
264059 23
264059 24
264059 25
264059 26
264059 27
264059 28
264059 29
264059 30
264059 31
264059 32
264059 33
264059 34
264059 35
264059 36
264059 37
264059 38
264059 39
264059 40
264059 41
264059 42
264059 145
264059 160
264059 182
264059 198
264060 40
264060 78
264060 83
264060 84
264060 88
264060 100
264060 112
264060 131
264060 136
264060 139
264060 150
264060 162
264060 166
264060 174
264060 185
264060 192
264060 198
264061 7
264061 11
264061 15
264061 17
264062 6
264063 6
264063 40
264063 42
264063 44
264063 52
264063 60
264063 64
264063 65
264063 76
264063 78
264063 81
264063 86
264063 96
264063 102
264063 113
264064 1
264064 16
264064 82
264064 86
264064 93
264064 176
264064 177
264064 179
264064 180
264064 182
264064 185
264064 195
264065 39
264065 107
264065 141
264066 22
264066 44
264066 49
264066 72
264066 94
264066 98
264066 122
264068 1
264068 7
264068 21
264068 45
264068 67
264068 111
264068 112
264068 113
264069 -310
264073 1
264073 2
264073 3
264073 4
264073 5
264073 6
264073 7
264073 8
264073 9
264073 10
264073 11
264073 12
264073 13
264073 14
264073 15
264073 16
264073 17
264073 18
264073 19
264073 20
264073 21
264073 22
264073 23
264073 24
264073 25
264073 26
264073 27
264073 33
264073 49
264073 50
264073 58
264075 -310
264076 23
264077 1
264077 31
264077 32
264077 33
264077 34
264077 35
264077 36
264077 37
264077 38
264077 39
264077 40
264077 41
264077 42
264077 43
264077 44
264077 45
264077 46
264078 3
264078 22
264078 76
264078 165
264078 166
264078 167
264078 168
264078 169
264078 170
264078 171
264078 172
264078 173
264078 174
264078 175
264078 176
264078 177
264078 178
264078 179
264078 180
264078 181
264078 182
264078 184
264078 185
264078 186
264078 188
264078 189
264078 190
264078 191
264078 192
264078 193
264078 194
264078 195
264078 196
264078 197
264078 198
264078 199
264078 200
264079 -310
264081 -310
264082 1
264082 8
264084 -310
264087 1
264089 -310
264092 1
264093 1
264093 6
264093 7
264093 70
264093 72
264094 -310
264095 1
264095 10
264095 24
264095 28
264095 33
264095 34
264095 53
264095 75
264095 81
264095 89
264095 94
264095 110
264096 1
264096 17
264096 44
264096 48
264096 64
264096 71
264096 74
264096 84
264096 93
264096 99
264096 100
264096 123
264096 148
264096 160
264096 188
264096 193
264096 195
264097 -310
264098 24
264098 45
264098 46
264098 60
264098 64
264098 68
264098 76
264111 27
264111 44
264112 -310
264113 2
264113 20
264113 22
264113 25
264113 32
264113 34
264113 57
264113 81
264113 89
264113 92
264113 138
264113 147
264115 -310
264116 5
264116 15
264116 31
264116 33
264119 1
264120 7
264120 26
264120 41
264120 52
264120 54
264120 55
264120 56
264120 59
264120 67
264120 68
264120 71
264120 72
264120 76
264120 79
264120 84
264120 89
264120 90
264120 91
264120 94
264120 136
264120 150
264120 152
264120 156
264120 162
264120 167
264120 175
264120 179
264120 181
264121 67
264121 73
264121 150
264121 173
264121 196
264122 1
264122 46
264123 1
264123 82
264123 86
264123 132
264123 133
264123 134
264123 135
264123 137
264123 138
264123 139
264123 140
264123 141
264123 142
264123 143
264123 144
264123 145
264123 146
264123 147
264123 148
264123 149
264123 150
264123 151
264123 152
264123 153
264123 154
264123 155
264123 156
264123 157
264123 158
264123 159
264123 160
264123 161
264123 162
264123 163
264123 164
264123 165
264123 166
264123 167
264123 168
264123 169
264123 170
264123 171
264123 172
264123 173
264123 174
264123 175
264123 176
264123 177
264123 178
264123 179
264123 180
264123 181
264123 182
264123 183
264123 184
264123 185
264123 186
264123 187
264123 188
264123 189
264123 190
264123 191
264123 192
264123 193
264123 194
264123 195
264123 196
264123 197
264123 198
264123 199
264123 200
264124 1
264124 4
264124 5
264124 6
264124 14
264124 15
264124 18
264124 19
264124 20
264124 21
264125 1
264125 159
264125 166
264125 167
264125 168
264125 170
264125 172
264125 173
264125 193
264126 31
264126 36
264126 38
264126 55
264126 116
264127 1
264127 62
264127 76
264127 77
264127 78
264127 79
264127 80
264127 81
264127 82
264127 83
264127 87
264127 90
264127 93
264127 94
264129 -310
264131 5
264131 161
264131 172
264132 1
264132 61
264132 63
264132 64
264133 1
264134 4
264134 6
264134 8
264134 9
264134 15
264134 19
264134 21
264134 34
264134 50
264134 72
263686 -310
263789 -310
263806 -310
263973 -310
263992 -310
263994 -310
264005 -310
264080 -310
264083 -310
264088 -310
264110 -310
264114 -310
264118 -310
264128 -310
263655 -310
263656 -310
263660 -310
263661 -310
263663 -310
263664 -310
263665 -310
263666 -310
263667 -310
263679 -310
263680 -310
263681 -310
263682 -310
263683 -310
263684 -310
263685 -310
263686 -310
263687 -310
263691 -310
263702 -310
263703 -310
263709 -310
263710 -310
263711 -310
263714 -310
263715 -310
263716 -310
263717 -310
263718 -310
263720 -310
263721 -310
263722 -310
263723 -310
263724 -310
263725 -310
263726 -310
263727 -310
263690 -310
263708 -310
263780 -310
263930 -310
264007 -310
264009 -310
264010 -310
264012 -310
264014 -310
264070 -310
264071 -310
264072 -310
264074 -310
264085 -310
264086 -310
264090 -310
264091 -310
264130 -310

264124 -310
