264170 -310
264173 -310
264174 -310
264175 -310
264176 -310
264179 -310
264182 16
264182 28
264182 37
264182 44
264182 58
264182 60
264182 65
264182 105
264182 124
264182 175
264183 -310
264184 1
264184 76
264184 78
264184 81
264184 83
264184 85
264184 88
264184 89
264184 90
264184 91
264184 93
264184 94
264184 95
264184 98
264184 99
264184 100
264184 102
264184 103
264184 104
264184 105
264184 128
264184 132
264184 136
264185 1
264185 48
264185 69
264185 134
264185 145
264185 152
264185 153
264185 154
264185 155
264185 156
264185 157
264185 158
264185 159
264185 160
264185 161
264185 162
264185 163
264185 164
264185 165
264185 166
264185 167
264185 168
264185 169
264185 170
264185 171
264185 172
264185 173
264185 174
264185 175
264185 176
264185 177
264185 178
264185 179
264185 180
264185 181
264185 182
264185 183
264185 184
264185 185
264185 186
264185 187
264185 188
264185 189
264185 190
264185 191
264185 192
264185 193
264185 194
264185 195
264185 196
264185 197
264185 198
264185 199
264185 200
264186 60
264186 112
264186 144
264186 154
264187 1
264188 64
264188 99
264188 159
264188 180
264189 24
264192 8
264192 40
264192 70
264192 71
264192 72
264192 73
264192 74
264192 75
264192 76
264192 77
264192 89
264192 96
264192 101
264192 134
264192 145
264192 174
264192 175
264192 179
264192 181
264192 184
264192 191
264192 195
264192 198
264193 28
264193 35
264193 59
264193 63
264193 71
264193 86
264193 88
264193 100
264193 102
264193 108
264193 109
264193 110
264193 114
264193 138
264193 141
264193 151
264193 155
264193 161
264193 165
264193 166
264193 169
264193 173
264194 1
264194 10
264194 14
264194 32
264194 54
264194 97
264194 100
264194 104
264194 122
264194 136
264194 164
264195 1
264196 10
264196 66
264196 120
264196 140
264196 173
264196 177
264197 15
264198 1
264198 10
264199 23
264199 39
264201 13
264201 25
264201 47
264201 48
264201 49
264201 50
264201 51
264201 52
264201 53
264201 54
264201 55
264201 56
264201 57
264201 58
264201 59
264201 60
264201 61
264201 62
264201 63
264201 64
264201 65
264201 66
264201 67
264201 68
264201 69
264201 70
264201 71
264201 72
264201 73
264201 74
264201 75
264202 1
264202 69
264202 89
264202 92
264202 136
264202 137
264202 138
264202 139
264202 140
264202 147
264202 148
264204 1
264204 54
264205 3
264205 29
264205 65
264205 129
264206 1
264206 117
264206 118
264206 128
264206 178
264206 190
264207 -310
264209 1
264211 21
264211 22
264211 24
264211 25
264211 27
264211 29
264211 30
264211 31
264211 32
264211 33
264211 35
264211 36
264211 38
264211 39
264211 40
264211 41
264212 1
264212 2
264212 4
264212 6
264212 7
264212 8
264212 10
264212 11
264212 12
264212 19
264212 20
264212 21
264212 22
264213 -310
264214 2
264214 3
264214 4
264214 5
264214 6
264214 7
264214 9
264214 10
264214 11
264214 13
264214 14
264214 15
264214 16
264214 18
264214 19
264214 20
264214 23
264214 25
264214 26
264214 27
264214 28
264214 30
264214 32
264214 33
264214 34
264214 35
264214 36
264214 37
264214 38
264214 39
264214 40
264214 42
264214 44
264214 45
264214 46
264214 47
264214 49
264214 52
264214 54
264214 66
264214 89
264214 108
264214 109
264214 110
264214 111
264214 112
264214 113
264214 114
264214 115
264214 118
264214 119
264214 121
264214 122
264214 124
264214 126
264214 128
264214 131
264214 133
264214 134
264214 135
264214 136
264214 137
264214 139
264214 140
264214 142
264214 143
264214 144
264214 145
264214 147
264214 148
264214 149
264214 150
264214 151
264214 152
264214 153
264214 154
264214 155
264214 156
264214 161
264214 163
264214 165
264214 166
264214 167
264214 168
264214 171
264214 172
264214 173
264214 174
264214 175
264214 176
264214 178
264214 179
264214 180
264214 182
264214 183
264214 185
264214 186
264214 187
264214 192
264214 193
264214 194
264214 195
264214 197
264214 199
264215 -310
264216 1
264216 20
264216 51
264218 1
264218 129
264218 135
264218 140
264218 152
264218 164
264219 19
264219 24
264219 39
264219 54
264219 55
264219 71
264219 83
264219 90
264219 93
264219 97
264219 105
264219 141
264219 152
264220 23
264220 24
264221 22
264221 23
264221 64
264221 66
264221 67
264222 14
264223 4
264223 5
264223 47
264223 52
264223 53
264223 69
264223 111
264223 119
264223 120
264223 127
264223 134
264223 151
264223 164
264223 167
264223 171
264223 175
264223 181
264223 189
264223 191
264224 36
264224 38
264224 42
264224 54
264224 55
264224 59
264224 64
264224 73
264224 84
264224 119
264224 139
264224 153
264224 155
264224 157
264224 161
264224 167
264224 169
264224 179
264224 180
264224 183
264224 185
264224 189
264224 194
264224 195
264224 197
264225 1
264225 10
264225 16
264225 22
264225 25
264225 31
264225 35
264225 37
264225 43
264225 47
264225 49
264225 55
264225 64
264226 7
264226 11
264226 12
264226 16
264226 17
264226 19
264227 4
264227 10
264227 13
264228 1
264228 13
264228 15
264228 28
264228 31
264228 34
264228 37
264228 55
264228 85
264228 91
264228 97
264228 113
264228 119
264228 121
264228 127
264228 151
264228 159
264228 161
264228 162
264228 163
264228 167
264228 174
264228 178
264228 179
264228 181
264228 182
264228 183
264228 189
264229 4
264229 26
264229 28
264229 32
264229 35
264229 42
264229 72
264229 76
264229 78
264229 80
264229 81
264232 13
264232 27
264232 32
264232 33
264233 1
264233 23
264233 28
264233 29
264233 30
264233 31
264233 67
264233 157
264234 1
264234 53
264234 87
264234 115
264234 129
264234 140
264234 188
264235 23
264236 1
264238 1
264238 80
264239 104
264241 1
264241 153
264241 159
264241 175
264244 38
264244 39
264244 40
264244 41
264244 42
264244 43
264244 44
264244 45
264244 46
264244 47
264244 48
264244 49
264244 50
264244 51
264244 52
264244 53
264244 54
264244 55
264244 56
264244 57
264244 58
264244 59
264244 60
264244 61
264246 116
264246 191
264247 100
264247 101
264247 104
264247 108
264247 120
264248 3
264248 8
264248 9
264248 12
264248 13
264249 1
264249 90
264249 178
264251 14
264251 20
264251 73
264251 74
264251 75
264251 76
264251 77
264251 78
264251 79
264251 80
264251 81
264251 82
264251 83
264251 84
264251 85
264251 86
264251 87
264251 88
264251 89
264251 90
264251 91
264251 92
264251 93
264251 94
264251 95
264251 96
264251 97
264251 98
264251 99
264251 100
264251 101
264251 102
264251 103
264251 104
264251 105
264251 106
264251 107
264251 108
264251 109
264251 110
264251 111
264251 112
264251 113
264251 114
264251 115
264251 116
264251 117
264251 118
264251 119
264251 120
264251 121
264251 122
264251 123
264251 125
264251 126
264251 127
264251 128
264251 129
264251 130
264251 131
264251 132
264251 133
264251 135
264251 136
264251 137
264251 138
264251 139
264251 140
264251 141
264251 142
264251 143
264251 144
264251 145
264251 146
264251 147
264251 148
264251 149
264251 150
264251 151
264251 152
264251 153
264251 154
264251 155
264251 156
264251 157
264251 158
264251 159
264251 160
264251 161
264251 162
264251 163
264251 164
264251 165
264251 166
264251 167
264251 168
264251 169
264251 170
264251 171
264251 172
264251 173
264251 174
264251 175
264251 176
264251 177
264251 178
264251 179
264251 180
264251 181
264251 182
264251 183
264251 184
264251 185
264251 186
264251 187
264251 188
264251 189
264251 190
264251 191
264251 192
264251 193
264251 194
264251 195
264251 196
264251 197
264251 198
264251 199
264251 200
264252 9
264252 85
264252 110
264252 156
264253 13
264253 28
264253 166
264253 187
264254 55
264254 69
264254 87
264255 12
264255 63
264255 126
264257 1
264257 11
264257 26
264257 56
264257 58
264257 129
264257 132
264258 1
264258 23
264258 40
264258 59
264259 11
264259 82
264259 127
264259 133
264259 153
264259 155
264259 157
264259 158
264259 159
264259 161
264259 162
264259 163
264260 -310
264261 1
264261 2
264261 4
264261 16
264261 26
264261 37
264261 44
264263 1
264263 19
264263 46
264263 48
264263 52
264263 56
264263 68
264263 91
264263 93
264263 97
264263 98
264263 140
264263 141
264263 142
264263 145
264263 150
264263 162
264263 166
264263 167
264263 172
264263 182
264263 184
264263 185
264263 192
264263 193
264265 1
264265 17
264265 57
264266 1
264266 2
264266 28
264266 30
264267 1
264270 -310
264271 -310
264272 8
264272 12
264272 57
264275 -310
264276 1
264276 3
264276 6
264277 -310
264279 -310
264281 19
264281 28
264281 30
264281 36
264281 41
264281 43
264281 46
264281 47
264281 57
264281 58
264281 59
264281 60
264281 70
264281 74
264281 77
264281 79
264281 81
264281 86
264281 90
264281 111
264281 112
264287 2
264287 3
264287 5
264287 6
264287 7
264287 9
264287 10
264288 1
264288 2
264288 3
264288 6
264288 7
264288 8
264288 14
264292 3
264292 4
264292 6
264292 9
264292 10
264292 11
264292 12
264292 13
264292 17
264292 22
264292 23
264292 25
264292 26
264293 2
264293 10
264293 19
264293 20
264293 34
264293 35
264293 39
264293 49
264293 52
264293 53
264293 56
264293 57
264293 59
264293 60
264293 63
264293 64
264293 67
264294 -310
264295 1
264295 4
264295 7
264295 8
264295 9
264295 10
264295 11
264295 16
264295 17
264295 18
264295 41
264295 64
264295 70
264295 75
264295 83
264295 91
264295 125
264295 127
264295 146
264295 150
264295 151
264295 152
264295 153
264295 154
264295 200
264296 14
264296 17
264296 50
264296 57
264296 59
264296 63
264296 64
264296 65
264296 81
264296 109
264296 121
264296 135
264296 161
264296 163
264296 164
264296 178
264297 1
264297 150
264297 161
264298 1
264298 158
264298 167
264298 168
264298 169
264298 180
264300 1
264300 18
264300 109
264300 135
264301 1
264301 40
264301 62
264301 63
264301 64
264301 65
264301 66
264303 -310
264304 1
264304 26
264304 27
264304 52
264304 53
264304 65
264304 74
264304 110
264305 -310
264306 1
264306 18
264306 29
264306 33
264306 35
264306 46
264306 79
264306 80
264306 81
264306 82
264306 86
264306 87
264306 88
264306 90
264306 110
264306 111
264306 120
264306 123
264306 125
264306 128
264306 129
264306 130
264306 133
264307 8
264307 49
264307 186
264307 191
264308 44
264308 97
264308 100
264308 124
264308 125
264308 126
264308 127
264308 128
264308 129
264308 130
264308 131
264308 132
264308 133
264308 134
264308 135
264308 136
264308 137
264308 138
264308 139
264308 140
264308 141
264308 142
264308 143
264308 144
264308 145
264308 146
264308 147
264308 148
264308 149
264308 150
264308 151
264308 152
264308 153
264308 154
264308 155
264308 156
264308 157
264308 158
264308 159
264308 161
264308 163
264308 164
264308 165
264308 166
264308 167
264308 168
264308 169
264308 170
264308 174
264308 175
264308 177
264308 178
264308 179
264308 180
264308 181
264308 182
264308 183
264308 184
264308 186
264308 187
264308 188
264308 189
264308 190
264308 191
264308 194
264308 196
264308 198
264308 199
264308 200
264309 1
264309 59
264310 22
264310 23
264310 25
264310 29
264310 32
264310 37
264310 46
264310 53
264310 59
264311 46
264311 97
264312 3
264312 27
264312 61
264312 79
264312 123
264312 150
264312 171
264312 172
264312 185
264313 4
264313 7
264313 53
264314 57
264319 5
264319 72
264319 195
264320 41
264320 76
264320 190
264321 86
264321 195
264322 1
264322 36
264322 86
264322 89
264322 160
264322 184
264323 1
264323 22
264323 34
264324 1
264325 1
264325 19
264325 20
264325 21
264325 35
264325 72
264325 169
264325 200
264326 1
264326 161
264327 1
264327 22
264327 23
264327 24
264327 25
264327 26
264327 27
264327 28
264327 29
264327 30
264327 31
264327 32
264327 33
264327 34
264327 35
264327 36
264327 37
264327 38
264327 39
264327 40
264327 41
264327 42
264327 43
264327 44
264327 45
264327 46
264327 47
264327 48
264327 49
264327 50
264328 1
264328 14
264328 40
264329 4
264329 7
264329 26
264329 78
264329 79
264429 31
264429 64
264429 74
264429 79
264429 163
264430 1
264430 29
264430 36
264430 44
264430 45
264430 46
264430 53
264430 54
264430 55
264430 56
264430 57
264430 58
264430 59
264430 60
264430 61
264430 62
264430 63
264430 64
264430 65
264430 66
264430 67
264431 1
264432 1
264432 5
264432 9
264433 1
264433 64
264433 90
264433 169
264433 190
264434 24
264434 25
264434 26
264434 27
264434 28
264434 30
264434 38
264434 39
264434 40
264434 41
264434 42
264434 43
264434 44
264434 45
264434 46
264434 47
264434 48
264434 49
264434 50
264434 51
264434 52
264434 53
264434 54
264434 55
264434 56
264434 57
264434 58
264434 59
264434 60
264435 -310
264436 1
264436 83
264436 111
264436 113
264436 115
264436 116
264436 120
264436 121
264436 122
264436 123
264436 124
264436 125
264436 126
264436 127
264436 129
264436 139
264436 157
264436 158
264437 1
264439 1
264439 8
264439 9
264439 10
264439 11
264439 12
264439 13
264439 14
264439 15
264439 16
264439 17
264439 18
264439 19
264439 20
264439 21
264439 22
264439 23
264440 70
264440 180
264442 1
264442 19
264442 137
264442 177
264443 47
264443 69
264443 70
264443 71
264443 72
264443 73
264443 74
264443 75
264446 1
264446 23
264446 27
264446 28
264446 32
264446 33
264446 38
264446 39
264446 40
264446 43
264446 44
264446 45
264446 46
264446 47
264446 48
264446 50
264446 51
264446 52
264446 53
264446 54
264446 55
264446 56
264446 57
264446 62
264446 63
264446 68
264446 72
264447 8
264447 9
264447 12
264447 14
264447 15
264447 18
264447 20
264447 26
264447 46
264447 49
264447 69
264448 1
264448 63
264448 115
264448 152
264448 176
264449 1
264449 13
264449 31
264449 71
264450 17
264450 30
264450 67
264450 71
264450 72
264450 90
264450 91
264451 51
264451 66
264451 138
264453 1
264453 13
264453 16
264453 56
264453 58
264453 65
264453 72
264453 103
264453 141
264453 142
264454 4
264454 5
264454 7
264454 11
264454 13
264454 14
264454 26
264454 31
264454 32
264454 34
264454 37
264454 38
264454 40
264454 44
264454 47
264454 50
264454 56
264454 57
264454 58
264454 59
264454 60
264454 61
264454 65
264454 124
264455 2
264455 3
264455 4
264455 6
264455 7
264455 13
264455 66
264455 119
264455 120
264455 121
264455 122
264455 123
264455 124
264455 125
264455 126
264455 127
264455 128
264455 129
264455 130
264455 131
264455 132
264455 133
264455 134
264455 135
264455 136
264455 137
264455 138
264455 139
264455 140
264455 141
264455 142
264455 143
264455 144
264455 145
264455 146
264455 147
264455 148
264455 149
264455 150
264455 151
264455 152
264455 153
264455 154
264455 155
264455 156
264455 157
264455 158
264455 159
264455 160
264455 161
264455 162
264455 163
264455 164
264455 165
264455 166
264455 167
264455 168
264455 169
264455 170
264455 171
264455 172
264455 173
264455 174
264455 175
264455 176
264455 177
264455 178
264455 179
264455 180
264455 181
264455 182
264455 183
264455 184
264455 185
264455 186
264455 187
264455 188
264455 189
264455 190
264455 191
264455 192
264455 193
264455 194
264455 195
264455 196
264455 197
264455 198
264455 199
264455 200
264457 -310
264458 -310
264459 6
264459 7
264459 9
264459 10
264459 11
264459 12
264459 14
264459 15
264459 17
264459 19
264459 20
264459 25
264459 26
264459 27
264459 29
264459 31
264459 33
264459 35
264459 38
264459 40
264459 43
264459 45
264459 46
264459 47
264459 49
264459 54
264459 55
264459 56
264459 59
264459 67
264459 71
264459 72
264459 73
264459 74
264459 76
264465 -310
264466 -310
264467 1
264467 3
264467 4
264467 5
264467 6
264467 7
264467 8
264467 9
264467 10
264467 11
264467 12
264467 14
264467 15
264467 16
264467 18
264467 19
264467 21
264467 23
264467 24
264467 26
264467 27
264467 28
264467 29
264467 30
264467 32
264467 33
264467 34
264467 35
264467 39
264467 40
264467 41
264467 42
264467 43
264467 44
264467 45
264467 46
264467 47
264467 48
264467 49
264467 50
264467 51
264467 52
264467 53
264467 54
264467 55
264467 56
264467 57
264467 58
264467 59
264467 60
264467 61
264467 62
264467 63
264467 64
264467 65
264467 66
264467 67
264467 68
264467 69
264467 70
264467 71
264467 72
264467 73
264467 74
264467 75
264467 76
264467 77
264467 78
264467 79
264467 80
264467 81
264467 82
264467 83
264467 84
264467 103
264467 150
264467 151
264467 175
264467 177
264470 26
264472 11
264472 12
264472 39
264472 42
264473 7
264473 11
264473 12
264473 13
264473 14
264473 15
264473 16
264473 17
264473 18
264473 19
264473 20
264473 21
264473 22
264473 23
264473 24
264474 22
264474 27
264475 -310
264478 -310
264481 20
264481 22
264481 23
264481 77
264481 148
264482 113
264482 135
264482 157
264482 158
264482 192
264482 194
264483 1
264483 15
264483 80
264483 81
264483 82
264483 86
264483 88
264483 89
264483 92
264483 136
264483 190
264484 1
264484 48
264484 56
264484 76
264484 84
264484 98
264484 128
264485 1
264485 6
264485 26
264485 37
264485 108
264486 42
264486 74
264486 83
264486 138
264486 139
264486 171
264486 172
264487 9
264487 10
264487 11
264488 1
264488 33
264488 35
264488 37
264488 38
264488 39
264488 40
264488 91
264488 93
264491 1
264491 32
264491 93
264491 94
264491 95
264491 96
264491 97
264491 98
264491 99
264491 100
264491 101
264491 102
264491 103
264491 104
264491 105
264491 106
264491 107
264491 108
264491 109
264491 110
264491 111
264491 112
264491 113
264491 114
264491 115
264491 116
264491 117
264491 118
264491 119
264491 120
264491 121
264491 122
264491 123
264491 124
264491 125
264491 126
264491 127
264491 128
264491 129
264491 130
264491 131
264491 132
264491 133
264491 134
264491 135
264491 136
264491 137
264491 138
264491 139
264491 140
264491 141
264491 142
264491 143
264491 144
264491 145
264491 146
264491 147
264491 150
264491 152
264491 153
264491 154
264491 155
264493 -310
264495 -310
264498 -310
264499 -310
264500 -310
264501 -310
264502 26
264502 32
264502 40
264502 54
264502 78
264502 82
264502 164
264503 21
264503 128
264503 183
264503 190
264504 27
264504 28
264504 33
264504 34
264504 35
264504 36
264504 37
264504 38
264504 39
264504 40
264504 41
264504 42
264504 43
264504 44
264504 45
264504 46
264504 47
264504 48
264504 49
264504 50
264504 51
264504 52
264504 53
264504 54
264504 55
264504 56
264504 57
264504 58
264504 59
264504 60
264504 61
264504 62
264504 63
264504 64
264504 65
264504 66
264504 67
264504 68
264504 69
264504 70
264504 71
264504 72
264504 73
264504 74
264504 75
264504 76
264504 77
264504 78
264504 79
264504 80
264504 81
264504 82
264504 83
264504 93
264504 94
264504 95
264504 96
264504 97
264504 98
264504 99
264504 100
264504 101
264504 102
264504 103
264504 104
264504 105
264504 106
264505 1
264505 2
264505 3
264505 4
264505 5
264505 6
264505 7
264505 8
264505 9
264505 10
264505 11
264505 12
264505 13
264505 14
264505 15
264505 16
264505 17
264505 18
264505 19
264505 20
264505 21
264505 22
264505 23
264505 90
264505 104
264506 1
264506 81
264506 101
264506 103
264506 106
264506 108
264506 109
264506 111
264506 115
264506 117
264506 120
264507 3
264507 4
264507 5
264507 6
264507 10
264507 12
264507 13
264507 15
264507 16
264508 1
264508 3
264508 4
264508 5
264508 6
264508 9
264508 13
264508 14
264508 15
264508 19
264508 20
264508 21
264508 22
264508 23
264508 25
264508 29
264508 32
264508 33
264509 11
264510 -310
264511 1
264514 1
264514 2
264514 3
264514 4
264514 5
264514 6
264514 7
264514 24
264514 38
264514 61
264514 78
264514 132
264514 177
264515 1
264515 9
264516 21
264516 51
264516 52
264516 53
264516 54
264516 55
264516 56
264516 57
264516 58
264516 59
264516 60
264516 62
264516 63
264516 64
264517 -310
264518 -310
264519 114
264519 116
264519 130
264519 150
264519 156
264520 -310
264521 -310
264522 76
264522 175
264523 38
264523 84
264523 106
264523 119
264523 120
264523 121
264523 122
264523 123
264523 124
264523 125
264523 126
264523 127
264523 128
264523 129
264523 130
264523 131
264523 132
264523 133
264523 134
264527 48
264527 54
264527 116
264527 152
264527 200
264528 82
264528 86
264528 114
264529 1
264530 16
264530 50
264531 18
264531 127
264531 128
264531 129
264531 130
264531 131
264531 138
264531 139
264531 146
264532 1
264533 1
264533 122
264534 144
264535 1
264535 42
264535 43
264538 1
264538 50
264538 55
264538 178
264540 1
264540 20
264540 37
264540 135
264541 26
264541 124
264541 129
264542 1
264542 24
264542 141
264542 147
264543 1
264543 138
264543 152
264543 157
264543 191
264544 70
264544 80
264544 101
264544 105
264544 111
264544 117
264544 138
264545 1
264545 19
264545 40
264545 102
264545 127
264545 182
264546 1
264546 63
264546 197
264547 3
264547 24
264547 26
264547 27
264548 49
264548 50
264548 51
264548 52
264548 53
264548 54
264548 55
264548 56
264549 -310
264551 1
264551 22
264551 73
264552 44
264553 1
264553 48
264553 54
264553 60
264553 63
264553 78
264554 11
264554 33
264554 43
264554 55
264554 87
264554 88
264554 89
264554 90
264555 1
264555 15
264555 197
264556 111
264556 188
264557 109
264557 196
264557 197
264557 198
264557 199
264557 200
264560 -310
264561 -310
264208 -310
264210 -310
264330 -310
264441 -310
264489 -310
264539 -310
264559 -310
264178 -310
264464 -310
264513 -310
264558 -310
264562 -310
264194 -310
264272 -310
264306 -310
