264621 1
264621 27
264621 29
264622 144
264622 168
264622 184
264623 10
264623 26
264623 30
264623 40
264623 50
264623 60
264623 64
264623 86
264624 32
264624 134
264624 146
264624 147
264625 50
264626 -310
264636 4
264636 6
264636 90
264636 165
264636 166
264636 167
264636 168
264636 169
264636 170
264636 171
264637 -310
264638 1
264639 103
264640 1
264640 101
264640 102
264640 103
264640 104
264640 123
264641 -310
264642 -310
264643 3
264643 48
264643 65
264644 1
264644 34
264644 93
264645 1
264645 29
264645 37
264645 79
264645 85
264645 91
264645 101
264645 103
264645 166
264645 185
264645 193
264645 199
264646 1
264647 1
264647 30
264647 31
264647 35
264647 37
264647 65
264647 90
264647 91
264647 92
264647 93
264647 94
264647 95
264647 96
264647 97
264647 98
264647 99
264647 100
264647 101
264647 102
264647 103
264647 104
264648 1
264648 3
264648 33
264648 85
264648 89
264648 97
264648 171
264648 172
264649 3
264649 18
264649 59
264649 60
264649 74
264649 81
264649 82
264650 46
264650 63
264650 92
264650 93
264650 94
264650 95
264650 96
264651 34
264651 80
264651 143
264652 1
264652 12
264652 22
264652 26
264652 32
264652 56
264652 64
264652 98
264652 124
264653 1
264653 59
264653 101
264653 102
264653 104
264654 -310
264656 4
264656 87
264656 115
264656 191
264656 192
264657 -310
264658 1
264660 51
264660 168
264662 92
264662 112
264662 115
264663 52
264664 1
264664 78
264664 127
264665 1
264665 21
264665 38
264669 1
264671 1
264672 1
264672 47
264672 102
264672 124
264736 57
264736 110
264736 161
264736 185
264737 1
264737 70
264737 94
264737 99
264737 100
264737 130
264737 133
264737 142
264737 168
264737 173
264737 187
264738 1
264738 2
264738 60
264738 154
264739 36
264739 114
264739 150
264739 151
264739 152
264739 153
264739 154
264739 155
264739 156
264739 157
264739 158
264739 159
264739 160
264739 161
264739 162
264739 163
264739 164
264739 165
264739 166
264739 167
264739 168
264739 169
264739 170
264739 171
264739 172
264739 173
264739 174
264739 175
264740 -310
264741 -310
264746 1
264746 171
264747 1
264750 50
264751 1
264751 64
264751 96
264752 1
264753 44
264753 119
264753 123
264753 127
264753 131
264754 1
264754 70
264754 71
264754 174
264754 200
264755 46
264755 49
264755 56
264755 58
264755 173
264755 188
264756 89
264756 90
264757 -310
264758 8
264758 14
264758 16
264758 22
264758 24
264758 29
264758 32
264758 106
264758 147
264758 180
264758 181
264758 183
264758 184
264758 185
264758 189
264758 190
264758 191
264758 193
264758 194
264758 195
264758 196
264758 199
264758 200
264811 -310
264812 23
264812 179
264816 13
264816 43
264816 69
264816 79
264816 80
264816 95
264816 104
264816 107
264816 141
264816 146
264816 148
264816 168
264816 178
264816 180
264817 6
264817 8
264817 10
264817 12
264817 16
264817 18
264817 20
264817 22
264817 24
264817 49
264817 50
264817 51
264817 56
264817 66
264817 68
264817 142
264817 143
264817 169
264818 1
264818 15
264818 145
264818 147
264818 160
264818 161
264818 162
264818 163
264818 164
264818 165
264818 166
264818 167
264818 168
264818 169
264818 170
264818 171
264818 172
264818 173
264818 174
264818 175
264818 176
264818 177
264818 178
264818 179
264818 180
264818 181
264818 182
264818 183
264818 184
264818 185
264818 186
264818 187
264818 188
264818 189
264818 190
264818 191
264818 192
264818 193
264818 194
264818 195
264818 196
264818 197
264818 198
264818 199
264818 200
264819 17
264819 19
264819 34
264819 38
264819 40
264819 46
264819 149
264819 198
264821 24
264821 122
264821 128
264821 130
264821 134
264822 -310
264823 1
264823 30
264823 65
264823 66
264823 67
264823 68
264823 69
264823 70
264823 71
264823 72
264823 73
264823 74
264823 75
264823 76
264823 77
264823 78
264823 79
264823 80
264823 81
264823 82
264823 83
264826 1
264826 110
264826 111
264826 112
264826 113
264826 114
264826 115
264826 116
264826 117
264826 118
264826 119
264826 120
264826 121
264826 122
264826 123
264826 124
264827 1
264827 2
264827 3
264829 24
264829 34
264829 36
264829 38
264829 42
264829 44
264829 46
264829 48
264829 52
264830 1
264833 1
264833 12
264837 18
264837 19
264840 1
264840 42
264840 70
264840 72
264841 14
264841 17
264844 1
264845 1
264845 125
264845 126
264845 139
264845 141
264845 158
264846 -310
264847 -310
264848 1
264849 78
264849 79
264849 94
264849 96
264849 110
264849 114
264849 116
264850 55
264850 56
264850 57
264850 58
264850 59
264850 60
264850 61
264850 63
264850 64
264850 65
264851 4
264852 117
264852 143
264852 153
264852 154
264852 155
264852 159
264852 160
264852 161
264852 162
264852 167
264852 168
264852 170
264854 1
264854 56
264854 57
264854 58
264854 59
264855 169
264856 180
264856 181
264857 1
264857 7
264857 11
264857 12
264857 26
264857 143
264857 149
264857 171
264619 -310
